alpha dTheta leftEnc rightEnc est_dist_traveled
0.9545 0.0 0 0 (0.0, 0.0, 0.0)
0.9545 0.0070644279247389485 -98.0 -91.0 (-0.014019357216644452, 0.0, 0.0070644279247389485)
0.9569 -0.0070644279247389485 -404.0 -411.0 (-0.0744716906798638, -0.0004270682570998485, 0.0)
0.9551 -0.019174875795719973 -808.0 -827.0 (-0.1957502570778198, -0.0004270682570998485, -0.01917487579571997)
0.9513 -0.0010092039892484347 -1231.0 -1232.0 (-0.37841337429870614, 0.0030759036579993057, -0.02018407978496839)
0.9511 0.011101243881732592 -1245.0 -1234.0 (-0.5622594454317161, 0.006787171426136272, -0.009082835903235775)
0.9527 0.023211691752714 -1757.0 -1734.0 (-0.8211989018780894, 0.009139140695782312, 0.014128855849478223)
0.9556 0.018165671806471634 -1513.0 -1495.0 (-1.044299523418141, 0.0059867744080699, 0.03229452765594985)
0.9576 0.025230099731210678 -1520.0 -1495.0 (-1.2678250383105594, -0.0012343870933377386, 0.057524627387160535)
0.9601 0.023211691752713808 -1526.0 -1503.0 (-1.4921339953962878, -0.014151927817317611, 0.08073631913987434)
0.9623 0.0020184079784968693 -1525.0 -1523.0 (-1.7174874797940245, -0.03238577409691965, 0.0827547271183712)
0.9624 -0.025230099731210487 -1523.0 -1548.0 (-1.944503922669949, -0.05121546158045549, 0.057524627387160715)
0.9605 -0.04440497552693056 -1512.0 -1556.0 (-2.1717009779155796, -0.06429932257126776, 0.013119651860230154)
0.9573 -0.03834975159143995 -1265.0 -1303.0 (-2.362169819052654, -0.06679835084082066, -0.0252300997312096)
0.9548 -0.043395771537682315 -1512.0 -1555.0 (-2.5895967193243985, -0.061059129631459985, -0.06862587126889164)
0.952 -0.04844179148392411 -1508.0 -1556.0 (-2.8163385233765426, -0.045474302456223234, -0.11706766275281577)
0.9492 -0.03027611967745266 -1260.0 -1290.0 (-3.004193925245282, -0.02338149116091829, -0.14734378243026836)
0.9475 -0.014128855849477897 -1263.0 -1277.0 (-3.190560725505886, 0.004278959642428887, -0.16147263827974623)
0.9468 0.0020184079784968693 -1274.0 -1272.0 (-3.376957396312294, 0.03464126464651926, -0.1594542303012494)
0.9469 0.0020184079784966807 -1527.0 -1525.0 (-3.6004721322384134, 0.07058679867456842, -0.15743582232275255)
0.947 0.011101243881732403 -1519.0 -1508.0 (-3.822227487579274, 0.1057903694893662, -0.14633457844101994)
0.9475 0.013119651860229462 -1265.0 -1252.0 (-4.006934282663118, 0.13301395870442126, -0.13321492658079048)
0.948 0.009082835903235723 -1259.0 -1250.0 (-4.1913941810694215, 0.15773316796340256, -0.12413209067755471)
0.9484 0.024220895741962054 -1274.0 -1250.0 (-4.377175074317069, 0.1809137224593214, -0.09991119493559264)
0.9494 0.025230099731210487 -1277.0 -1252.0 (-4.563831907666143, 0.19962513183085234, -0.07468109520438215)
0.9504 0.024220895741962054 -1275.0 -1251.0 (-4.750679466648319, 0.21360511186294268, -0.050460199462420086)
0.9513 0.03229452765594934 -1536.0 -1504.0 (-4.975888983694116, 0.2249788840728587, -0.018165671806470662)
0.9524 0.025230099731210487 -1276.0 -1251.0 (-5.163302055410174, 0.22838374295911518, 0.0070644279247398245)
0.9533 0.03834975159143976 -1536.0 -1498.0 (-5.38834792010638, 0.22679389622041443, 0.045414179516179584)
0.9546 0.037340547602191514 -1537.0 -1500.0 (-5.613389661976688, 0.21656677822422588, 0.08275472711837109)
0.9558 0.03834975159143995 -1544.0 -1506.0 (-5.8388537293070595, 0.19786585122169112, 0.12110447870981103)
0.957 0.03229452765594972 -1288.0 -1256.0 (-6.026176616908885, 0.17506865129379573, 0.15339900636576076)
0.9579 0.027248507709707548 -1288.0 -1261.0 (-6.21303226057389, 0.14617821552440124, 0.1806475140754683)
0.9587 -0.0040368159569935495 -1544.0 -1548.0 (-6.438653833524959, 0.10497101563287545, 0.17661069811847477)
0.9586 -0.0040368159569935495 -1555.0 -1559.0 (-6.666046412186362, 0.06438822974797974, 0.17257388216148123)
0.9585 -0.013119651860229462 -1285.0 -1298.0 (-6.854798308266639, 0.03148731641767719, 0.15945423030125178)
0.9582 -0.0171564678172232 -1277.0 -1294.0 (-7.043086770280418, 0.001206855085398105, 0.1422977624840286)
0.9577 -0.01513805983872633 -1542.0 -1557.0 (-7.270636338312206, -0.03139327313313072, 0.12715970264530227)
0.9573 -0.026239303720458924 -1532.0 -1558.0 (-7.497991119566388, -0.060460476912622574, 0.10092039892484335)
0.9567 -0.018165671806471634 -1271.0 -1289.0 (-7.686916745486762, -0.07959192137964066, 0.08275472711837172)
0.9562 -0.01110124388173278 -1279.0 -1290.0 (-7.876824020559458, -0.09534362022210366, 0.07165348323663893)
0.956 -0.008073631913987288 -1286.0 -1294.0 (-8.067708301460502, -0.10904459982893086, 0.06357985132265165)
0.9558 -0.008073631913987288 -1287.0 -1295.0 (-8.258845029840522, -0.1212134461268341, 0.05550621940866436)
0.9556 -0.007064427924739042 -1290.0 -1297.0 (-8.450444085768648, -0.13185932071162418, 0.04844179148392532)
0.9554 0.0 -1290.0 -1290.0 (-8.641594940769197, -0.14112626032805797, 0.04844179148392532)
0.9554 -0.0040368159569935495 -1288.0 -1292.0 (-8.832745795769746, -0.15039319994449177, 0.044404975526931775)
0.9553 -0.012110447870981216 -1275.0 -1287.0 (-9.022598641372593, -0.1588291563143384, 0.03229452765595056)
0.9551 0.004036815956993739 -1549.0 -1545.0 (-9.251981043719903, -0.16623952901263217, 0.0363313436129443)
0.9552 -0.010092039892484158 -1540.0 -1550.0 (-9.481035152672439, -0.17456503600351886, 0.02623930372046014)
0.955 -0.003027611967745304 -1294.0 -1297.0 (-9.673160288420123, -0.17960742307547156, 0.023211691752714838)
0.9549 -0.0020184079784966807 -1555.0 -1557.0 (-9.903935352530935, -0.18496506496385726, 0.02119328377421816)
0.9549 -0.005046019946242362 -1550.0 -1555.0 (-10.134201641608103, -0.18984589454390902, 0.016147263827975798)
0.9548 0.0040368159569935495 -1550.0 -1546.0 (-10.363822126384498, -0.19355395937052092, 0.020184079784969347)
0.9549 0.0 -1290.0 -1290.0 (-10.555158497309534, -0.19741643248136959, 0.020184079784969347)
0.9549 -0.011101243881732592 -1283.0 -1294.0 (-10.746272384082333, -0.20127441434441493, 0.009082835903236755)
0.9547 0.0010092039892484347 -1296.0 -1295.0 (-10.938455750353475, -0.20302003232712862, 0.01009203989248519)
0.9547 -0.010092039892484158 -1540.0 -1550.0 (-11.167649442271287, -0.20533314273913736, 1.0321604682062002e-15)
0.9545 -0.011101243881732403 -1539.0 -1550.0 (-11.396780629796233, -0.2053331427391376, -0.011101243881731726)
0.9543 -0.01513805983872652 -1529.0 -1544.0 (-11.624710947914123, -0.20280272874142025, -0.026239303720458018)
0.9541 -0.02422089574196224 -1268.0 -1292.0 (-11.814537403921097, -0.19782067127164105, -0.050460199462420086)
0.9537 -0.022202487763465374 -1268.0 -1290.0 (-12.00403935938266, -0.1882502405765867, -0.07266268722588531)
0.9533 -0.02119328377421675 -1537.0 -1558.0 (-12.233009806559883, -0.17158328916853705, -0.09385597100010212)
0.953 -0.054497015419414714 -1244.0 -1298.0 (-12.420736569366953, -0.15391209287629698, -0.14835298641951677)
0.9521 -0.03330373164519797 -1265.0 -1298.0 (-12.608762679443275, -0.12581140244560948, -0.18165671806471462)
0.9516 -0.01917487579572007 -1277.0 -1296.0 (-12.796478400530846, -0.09133147402558454, -0.2008315938604346)
0.9513 -0.018165671806471446 -1531.0 -1549.0 (-13.020350115857779, -0.04575657760297181, -0.21899726566690614)
0.951 -0.01513805983872633 -1278.0 -1293.0 (-13.20650297466318, -0.004325135139712756, -0.23413532550563243)
0.9508 -0.007064427924738854 -1286.0 -1293.0 (-13.392584557586213, 0.04005711842224757, -0.24119975343037137)
0.9507 -0.006055223935490419 -1286.0 -1292.0 (-13.578275935359216, 0.08573509513458477, -0.24725497736586188)
0.9506 -0.007064427924739042 -1282.0 -1289.0 (-13.763183875787432, 0.1324095510243468, -0.2543194052906008)
0.9505 -0.007064427924738665 -1541.0 -1548.0 (-13.98494500102784, 0.1900559249666836, -0.26138383321533976)
0.9504 0.0010092039892486235 -1551.0 -1550.0 (-14.207153240950552, 0.24949748507714437, -0.26037462922609134)
0.9504 -0.014128855849477897 -1278.0 -1292.0 (-14.391361256626922, 0.29857468612210225, -0.2745034850755692)
0.9503 0.010092039892484158 -1560.0 -1550.0 (-14.613413136660089, 0.36110730428573534, -0.264411445183085)
0.9504 0.014128855849477897 -1561.0 -1547.0 (-14.835941582644798, 0.42135704888451875, -0.25028258933360714)
0.9506 0.011101243881732592 -1556.0 -1545.0 (-15.058795992203288, 0.478328209117141, -0.23918134545187453)
0.9507 0.006055223935490419 -1290.0 -1284.0 (-15.244290929035735, 0.5235610002524757, -0.233126121516384)
0.9508 0.0020184079784968693 -1546.0 -1544.0 (-15.467296047998659, 0.5765120702230346, -0.23110771353788717)
0.9508 0.005046019946241985 -1289.0 -1284.0 (-15.653077923812637, 0.6202287950124775, -0.22606169359164507)
0.9509 0.004036815956993739 -1293.0 -1289.0 (-15.839728631719595, 0.6631571422188475, -0.2220248776346514)
0.9509 0.013119651860229273 -1552.0 -1539.0 (-16.063380175906453, 0.7136457001298838, -0.20890522577442194)
0.9511 0.012110447870981216 -1292.0 -1280.0 (-16.250014239486838, 0.7532117859353304, -0.1967947779034409)
0.9512 0.010092039892484158 -1549.0 -1539.0 (-16.474650065791273, 0.7979986126069849, -0.18670273801095671)
0.9514 0.013119651860229273 -1548.0 -1535.0 (-16.699361998337352, 0.8404473201228698, -0.17358308615072726)
0.9515 0.004036815956993928 -1285.0 -1281.0 (-16.886838544187373, 0.8733209150633843, -0.16954627019373358)
0.9516 0.008073631913987666 -1288.0 -1280.0 (-17.074592492600253, 0.9054624682580594, -0.16147263827974623)
0.9517 0.007064427924738854 -1292.0 -1285.0 (-17.26325872224209, 0.9361944635430323, -0.1544082103550073)
0.9517 0.0020184079784968693 -1540.0 -1538.0 (-17.488857637543582, 0.9713082929600664, -0.15238980237651045)
0.9518 -0.0010092039892486235 -1540.0 -1541.0 (-17.71474691790265, 1.0060004806336806, -0.15339900636575887)
0.9517 -0.0020184079784968693 -1286.0 -1288.0 (-17.903435198323884, 1.0351742670873567, -0.1554174143442557)
0.9517 0.0010092039892482458 -1544.0 -1543.0 (-18.129658103727515, 1.070619091590214, -0.1544082103550073)
0.9517 0.0010092039892484347 -1284.0 -1283.0 (-18.317803787801243, 1.099903432107929, -0.15339900636575887)
0.9517 -0.0020184079784968693 -1541.0 -1543.0 (-18.543877858049527, 1.1348575725209582, -0.1554174143442557)
0.9517 -0.006055223935490419 -1533.0 -1539.0 (-18.76900152678939, 1.1701301675558717, -0.16147263827974623)
0.9517 0.0020184079784968693 -1538.0 -1536.0 (-18.994053909373402, 1.206789132827896, -0.1594542303012494)
