-183.8936713191365 -325.2032520325203 0.0 0.0 0.0 0 0
-183.8936713191365 -325.2032520325203 0.0 0.0 0.0 0.0 0.0
-183.8936713191365 -325.2032520325203 0.0 0.0 0.0 0.0 0.0
-184.59523337365303 -325.2032520325203 0.0005381213943434519 1.969917475238557e-06 0.007321428571428573 0.0 7.0
-185.68423836481088 -325.2032520325203 0.003920086719452076 6.210966941123652e-05 0.02823979591836735 12.0 32.0
-185.75595986825553 -325.2032520325203 0.012060975583292477 0.0004199574989412314 0.05961734693877552 38.0 68.0
-184.0311585937971 -325.2032520325203 0.019960526787158317 0.0009619854439097138 0.07739795918367347 43.0 60.0
-182.93142604899768 -325.2032520325203 0.028153283484392708 0.0016965903312784459 0.10145408163265307 42.0 65.0
-182.05489888002802 -325.2032520325203 0.03632502099277667 0.002636597105028309 0.12760204081632653 41.0 66.0
-181.1980631765985 -325.20325203252025 0.04431715745866936 0.0037683747891047283 0.15375 40.0 65.0
-178.4117141222746 -325.2032520325203 0.055082804962665245 0.005575402149773968 0.17885204081632655 59.0 83.0
-176.54584339200616 -325.2032520325203 0.0635372801467097 0.007204496794776662 0.2018622448979592 45.0 67.0
-174.78476071925454 -325.2032520325203 0.07232469456501776 0.009122863152263289 0.22801020408163267 46.0 71.0
-173.3162498648912 -325.2032520325203 0.08090743358958945 0.011242589839060282 0.25625 44.0 71.0
-172.68884231808383 -325.2032520325203 0.0885356941485263 0.013365405036055418 0.2865816326530612 37.0 66.0
-169.905637871179 -325.2032520325203 0.09822943551892097 0.016365927406226836 0.3137755102040816 53.0 79.0
-167.45635930383835 -325.2032520325203 0.10840943557260707 0.019858634831269872 0.3472448979591837 54.0 86.0
-166.68081065781288 -325.2032520325203 0.11573990137411634 0.02264242230437251 0.37862244897959185 36.0 66.0
-164.6860653558822 -325.2032520325203 0.12510052106269082 0.026560400774945307 0.4141836734693878 49.0 83.0
-161.72980872135253 -325.2032520325203 0.13453216982705432 0.03089046776072108 0.44660714285714287 52.0 83.0
-159.49246955765025 -325.2032520325203 0.14353391480048028 0.035405561926297846 0.48321428571428576 48.0 83.0
-157.52582843390766 -325.2032520325203 0.15222457355820057 0.0401822616366088 0.5219132653061225 46.0 83.0
-154.52688344579022 -325.2032520325203 0.1607345875880293 0.04527383025322815 0.5564285714285715 48.0 81.0
-152.09162745152466 -325.2032520325203 0.16930464811501916 0.05084984197347723 0.5972193877551021 47.0 86.0
-149.44852269373138 -325.2032520325203 0.1758491934377792 0.05544211281896749 0.6265051020408163 38.0 66.0
-146.13023796603701 -325.2032520325203 0.1822614617868879 0.06021734471061617 0.6536989795918368 39.0 65.0
-143.30912741302814 -325.2032520325203 0.1887093409228367 0.06532476688709829 0.6861224489795918 38.0 69.0
-140.8791956338024 -325.2032520325203 0.19469220248771044 0.07039335338217327 0.7195918367346938 35.0 67.0
-138.06829391443168 -325.2032520325203 0.20183502137259196 0.07693579768382995 0.7635204081632653 42.0 84.0
-134.71177524909132 -325.2032520325203 0.2070910874522034 0.08211635454258154 0.7928061224489795 34.0 62.0
-129.94704508796056 -325.2032520325203 0.21370171812727137 0.0890905677575955 0.8315051020408163 44.0 81.0
-128.50174490418027 -325.2032520325203 0.2197834576819405 0.09612884329246894 0.8848469387755101 35.0 86.0
-124.27757434143686 -325.20325203252037 0.2257447259233944 0.10376341728293711 0.9308673469387754 41.0 85.0
-121.66163187052335 -325.2032520325203 0.22999154202305133 0.10970481339675747 0.9695663265306121 29.0 66.0
-118.06449455895735 -325.2032520325203 0.2348193717534134 0.11711080492289747 1.0166326530612244 35.0 80.0
-114.43141941850111 -325.2032520325203 0.23928543343331762 0.12474041457620974 1.0657908163265306 34.0 81.0
-109.63816020077992 -325.2032520325203 0.24341085682199703 0.13264627873606835 1.1139030612244898 35.0 81.0
-105.67951971544058 -325.2032520325203 0.24640423698225997 0.1390540811258229 1.1536479591836735 27.0 65.0
-100.2006483880953 -325.2032520325203 0.24975269307102416 0.14715291782525808 1.2038520408163265 33.0 81.0
-92.9722392720962 -325.2032520325203 0.25272063202144085 0.15548046180756311 1.2530102040816327 34.0 81.0
-86.65197845363515 -325.2032520325203 0.25475146794903997 0.16209444751949753 1.2927551020408163 26.0 64.0
-82.27866779514234 -325.2032520325203 0.2563870711830253 0.16834137542935665 1.3366836734693879 21.0 63.0
-75.29556125139342 -325.2032520325203 0.25814951358969007 0.17684758457496402 1.3963010204081634 28.0 85.0
-66.72460978680846 -325.2032520325203 0.25936634342328074 0.18513813645929048 1.453826530612245 27.0 82.0
-51.697435476705586 -325.2032520325203 0.26007145327268516 0.19325632262756556 1.5144897959183676 24.0 82.0
-43.50791931344566 -325.2032520325203 0.2602610421729035 0.20155665769904996 1.5814285714285716 22.0 86.0
-32.56780198048441 -325.2032520325203 0.25989500705050306 0.2098510850173866 1.6483673469387756 22.0 86.0
-22.2839268505228 -325.2032520325203 0.25905561137513106 0.21741527881387224 1.7142602040816328 18.0 81.0
-20.163624092230858 -325.20325203252025 0.25785792872890684 0.2240734152858089 1.7832908163265309 11.0 77.0
-30.632340184250204 -325.2032520325203 0.25610715313493443 0.23092579013468797 1.8585969387755104 10.0 82.0
-325.2032520325203 325.2032520325203 0.25376801657580916 0.23776297736484803 1.9422704081632653 7.0 87.0
-325.2032520325203 325.2032520325203 0.2517363658698957 0.24249598204473016 2.0102551020408166 1.0 66.0
-325.2032520325203 325.2032520325203 0.24935011369165674 0.24749018123397462 2.02280612244898 30.0 42.0
-325.2032520325203 325.2032520325203 0.24752518213841107 0.2515583597438815 1.9621428571428574 58.0 0.0
-325.2032520325203 325.2032520325203 0.24560070983444293 0.2568299389538417 1.8795153061224492 76.0 -3.0
-325.2032520325203 325.2032520325203 0.24503190829103208 0.25898553114505934 1.7780612244897962 63.0 -34.0
-325.2032520325203 325.2032520325203 0.24477206283803662 0.2608897590348306 1.6347704081632655 81.0 -56.0
-325.2032520325203 325.2032520325203 0.2447811485930887 0.2613509195400293 1.4674234693877553 83.0 -77.0
-325.2032520325203 325.2032520325203 0.24470789439885146 0.2609735894939799 1.2906632653061225 82.0 -87.0
-325.2032520325203 325.2032520325203 0.24448485429893052 0.2604004593919723 1.1086734693877551 83.0 -91.0
-325.2032520325203 325.2032520325203 0.2443274360980577 0.26013630837449564 0.9580612244897959 70.0 -74.0
-325.2032520325203 325.2032520325203 0.24437708728507263 0.2601949984524732 0.7792091836734694 86.0 -85.0
-325.2032520325203 325.2032520325203 0.2441987272158532 0.2600487945662969 0.5940816326530611 87.0 -90.0
-325.2032520325203 325.2032520325203 0.2439288630568235 0.2599013849815638 0.40581632653061217 88.0 -92.0
-319.1176470588234 319.1176470588234 0.24356356661742176 0.2597817912861387 0.22696428571428562 83.0 -88.0
0 0 0.2433350538777787 0.25975064937794684 0.04392857142857132 86.0 -89.0
-325.2032520325203 -97.13319232586225 0.24191553948779618 0.2603413143816778 -0.8325510204081636 409.0 -429.0
-325.2032520325203 -97.13319232586225 0.24191553948779618 0.2603413143816778 -0.8325510204081636 0.0 0.0
-325.2032520325203 -97.63337132236602 0.24227623333992584 0.2599419668379757 -0.8398724489795919 7.0 0.0
-325.2032520325203 -97.6340760887022 0.2426863022333794 0.25948363453208645 -0.8419642857142859 5.0 3.0
-325.2032520325203 -101.2095986600703 0.2451703958703454 0.25655042931163474 -0.8942602040816325 50.0 0.0
-325.2032520325203 -105.08146713996058 0.24767704209205696 0.2532414111367558 -0.9507397959183672 54.0 0.0
-325.2032520325203 -110.99612136230847 0.2511167324851423 0.24795881763902988 -1.0365051020408167 82.0 0.0
-325.2032520325203 -116.84188915449712 0.2541304883848089 0.24233479321093127 -1.1212244897959192 82.0 1.0
-325.2032520325203 -119.36913028723721 0.2569384454064937 0.23609567220873903 -1.1745663265306128 70.0 19.0
-325.2032520325203 -121.53512687440632 0.25960773177528795 0.22921531536614947 -1.2268622448979603 73.0 23.0
-325.2032520325203 -124.29932342342538 0.2624070494527787 0.22050600933431705 -1.2927551020408172 91.0 28.0
-325.2032520325203 -126.73588838886502 0.26462197638707197 0.21170932386544628 -1.355510204081634 89.0 29.0
-325.2032520325203 -128.99422322787413 0.2663371023481427 0.20248873307633947 -1.41826530612245 91.0 31.0
-325.2032520325203 -130.9261427345977 0.2672554459313209 0.19532107417501504 -1.4684693877551034 71.0 23.0
-325.2032520325203 -132.3738427748471 0.2678133813021649 0.1883477337084534 -1.5134438775510217 67.0 24.0
-325.2032520325203 -134.7510739300908 0.26805010649721134 0.1790488714287089 -1.5772448979591847 91.0 30.0
-325.2032520325203 -136.71540271175635 0.2677184933580554 0.169906758776725 -1.6368622448979604 88.0 31.0
-325.2032520325203 -138.50282524821083 0.2668402068494618 0.1607236635573111 -1.6954336734693891 88.0 32.0
-325.2032520325203 -140.47069272610108 0.26543292574097327 0.15168442957995903 -1.7550510204081649 88.0 31.0
-325.2032520325203 -142.08363435724465 0.26346641537534243 0.1425928007106369 -1.8125765306122466 88.0 33.0
-325.2032520325203 -143.79561105575016 0.26095517453865524 0.13355650605947292 -1.8711479591836753 89.0 33.0
-325.2032520325203 -145.12574308457465 0.25845579579577094 0.12612425825264367 -1.9192602040816347 74.0 28.0
-325.2032520325203 -146.48646752729687 0.25568951165768233 0.11903417468769295 -1.966326530612247 72.0 27.0
-325.2032520325203 -147.97626696801626 0.2518329706683034 0.11048502015875034 -2.0228061224489817 88.0 34.0
-325.2032520325203 -149.22953700507313 0.2478397883017807 0.10277033987676086 -2.0740561224489813 81.0 32.0
-325.2032520325203 -150.05483141681228 0.24414608590147016 0.09638121140896964 -2.1158928571428586 68.0 28.0
-325.2032520325203 -151.46242872999505 0.23927905670012914 0.0888174287313725 -2.169234693877552 84.0 33.0
-325.2032520325203 -152.2356159403654 0.23403094368869762 0.08151290332174675 -2.2183928571428577 82.0 35.0
-325.2032520325203 -152.98238475185545 0.22798753114689077 0.07394318708452678 -2.270688775510205 88.0 38.0
-325.2032520325203 -154.51995915621302 0.2215415577604945 0.06671318942447385 -2.32716836734694 90.0 36.0
-325.2032520325203 -155.43040213269273 0.21504414488344248 0.06016458263332211 -2.377372448979593 84.0 36.0
-325.2032520325203 -155.16591350880785 0.2080725226254514 0.05377667787256462 -2.422346938775511 83.0 40.0
-325.2032520325203 -155.84058262306644 0.20056530194771713 0.0475348634359265 -2.4735969387755112 88.0 39.0
-325.2032520325203 -156.3318828936921 0.1930647701256115 0.04190432403476067 -2.5217091836734706 84.0 38.0
-325.2032520325203 -157.07491931568202 0.185429380797993 0.03672731188336583 -2.56982142857143 83.0 37.0
-325.2032520325203 -158.63379012084215 0.1776801678368577 0.03201167035272839 -2.620025510204083 83.0 35.0
-325.2032520325203 -160.01471572788319 0.1711403378345898 0.02842898863269499 -2.6608163265306137 68.0 29.0
-325.2032520325203 -162.73366253038068 0.16278117244563867 0.024348641525427473 -2.714158163265308 86.0 35.0
-325.2032520325203 -165.20482228672674 0.1557892104426338 0.021342966852552634 -2.757040816326532 70.0 29.0
-325.20325203252025 -166.37701948780636 0.1478156490329215 0.018303799086342366 -2.797831632653063 75.0 36.0
-325.2032520325203 -168.31832758670146 0.14023634881985117 0.015759347616938382 -2.8375765306122465 71.0 33.0
-325.2032520325203 -169.898327708188 0.13241674043991733 0.013466783256452836 -2.875229591836736 71.0 35.0
-325.2032520325203 -170.6711317663042 0.12302326035119247 0.011103317393524072 -2.9149744897959198 82.0 44.0
-325.2032520325203 -172.7674622947442 0.11339070438521384 0.009093475220046368 -2.9568112244897975 84.0 44.0
-325.2032520325203 -175.297624533449 0.10588795435400768 0.007816621720281868 -2.9892346938775525 65.0 34.0
-325.2032520325203 -178.98216633710484 0.09834775496107083 0.006783661892708803 -3.0216581632653075 65.0 34.0
-325.2032520325203 -184.83326565556058 0.09070115534048247 0.005991720927473406 -3.0551275510204094 66.0 34.0
-325.20325203252025 -195.7101306457149 0.08272443683732766 0.005451362785656474 -3.092780612244899 70.0 34.0
-325.2032520325203 -215.37347463652864 0.07242689919504067 0.005174830566589156 -3.1367091836734704 88.0 46.0
-76.47052360157235 -325.20325203252025 0.06205038220710728 0.005357515308028785 3.1015016337101975 89.0 46.0
-12.449469538921345 -325.2032520325203 0.05176764633652112 0.005974843890115144 3.061756735751014 86.0 48.0
35.72640780131294 -325.2032520325203 0.04280305657831136 0.006706220747573567 3.058618980648973 60.0 57.0
66.43546476465755 -325.2032520325203 0.03628463845039459 0.0071625997022494265 3.0847669398326465 30.0 55.0
-175.10636491585515 -325.2032520325203 0.029214620527560665 0.007349957170227258 -3.1377551020408174 17.0 75.0
-206.4544918112803 -325.2032520325203 0.023301002036140456 0.00708896535319466 -3.057219387755103 0.0 77.0
-239.0177443147869 -325.2032520325203 0.01849116899421245 0.006522073939957012 -2.991326530612246 0.0 63.0
325.2032520325203 -325.2032520325203 0.011381089429478325 0.005231547827997164 -2.9327551020408174 19.0 75.0
325.2032520325203 -325.2032520325203 0.0016523408885312004 0.0029453958449655983 -2.888826530612246 44.0 86.0
325.2032520325203 -325.2032520325203 -0.006772733739742189 0.0005326315443087721 -2.836530612244899 32.0 82.0
325.2032520325203 -325.2032520325203 -0.01241392585025005 -0.0015000921542897014 -2.7549489795918376 0.0 78.0
-163.6081922395375 325.2032520325203 -0.017044309965705953 -0.003574334668036262 -2.6859183673469396 0.0 66.0
-160.66082968622453 325.2032520325203 -0.0200518035880997 -0.005283795841004498 -2.563545918367348 -36.0 81.0
-156.43824364755412 325.2032520325203 -0.021197111987242473 -0.006060347663713724 -2.527984693877552 -8.0 26.0
-156.43824364755412 325.2032520325203 -0.021197111987242473 -0.006060347663713724 -2.527984693877552 0.0 0.0
-156.8923795611203 325.2032520325203 -0.02113423770640931 -0.006016114300347227 -2.529030612244899 0.0 -1.0
-173.32290017079822 325.2032520325203 -0.01896934440640168 -0.004551557690966055 -2.564591836734695 0.0 -34.0
-198.72558025014752 325.2032520325203 -0.015960060462032667 -0.0026943355166791725 -2.6127040816326543 0.0 -46.0
325.2032520325203 -325.2032520325203 -0.012110480627391576 -0.0006011170349268088 -2.6744132653061237 1.0 -58.0
325.2032520325203 -325.2032520325203 -0.007504266809750063 0.0015262600657933228 -2.7434438775510217 0.0 -66.0
325.2032520325203 -325.2032520325203 -0.004501293213903032 0.0027124203185187098 -2.787372448979593 0.0 -42.0
325.2032520325203 -325.2032520325203 -0.004212661176185363 0.0028184759492176303 -2.7915561224489807 0.0 -4.0
325.2032520325203 -325.2032520325203 -0.004212661176185363 0.0028184759492176303 -2.7894642857142866 -1.0 1.0
325.2032520325203 -325.2032520325203 -0.003780382459826136 0.002979369311053411 -2.781096938775511 -7.0 1.0
325.2032520325203 -325.2032520325203 -0.0024458362777747987 0.003573012199158035 -2.6650000000000005 -65.0 46.0
325.2032520325203 -325.2032520325203 -0.0008108839508605889 0.0045832272279231045 -2.5112500000000004 -86.0 61.0
325.2032520325203 -325.2032520325203 0.00011951566754700134 0.005387749788245071 -2.345994897959184 -87.0 71.0
325.2032520325203 -325.2032520325203 0.0005660066013218074 0.005916273072199431 -2.198520408163265 -75.0 66.0
325.2032520325203 -325.2032520325203 0.0010385354610189922 0.006708562619494659 -2.018622448979592 -92.0 80.0
325.2032520325203 -325.2032520325203 0.001490999912551182 0.007852317803133044 -1.8763775510204077 -76.0 60.0
325.2032520325203 -325.2032520325203 0.0016207027585762378 0.008453485144006616 -1.6902040816326522 -93.0 85.0
325.2032520325203 -325.2032520325203 0.0016207027585762378 0.008453485144006616 -1.512397959183673 -85.0 85.0
325.2032520325203 -325.2032520325203 0.0015708579507234422 0.008834614565273352 -1.3691071428571426 -71.0 66.0
325.2032520325203 -325.2032520325203 0.0015488702695198083 0.008908278039942196 -1.1923469387755095 -85.0 84.0
325.2032520325203 -325.2032520325203 0.0015823148067734833 0.00883905933905228 -1.0490561224489792 -68.0 69.0
325.2032520325203 -325.2032520325203 0.0016702105362009535 0.008712911000781764 -0.875433673469387 -82.0 84.0
325.2032520325203 -325.2032520325203 0.0017766207856804422 0.008601933880141008 -0.737372448979591 -65.0 67.0
325.2032520325203 -325.2032520325203 0.001716210755695858 0.008649477480154698 -0.5961734693877538 -68.0 67.0
325.2032520325203 -325.2032520325203 0.0015833326367865575 0.008726823895812605 -0.45811224489795777 -67.0 65.0
325.2032520325203 -325.2032520325203 0.0015121882010513902 0.008755948368149878 -0.31900510204081467 -67.0 66.0
251.47058823529133 -251.47058823529133 0.0013631772463427116 0.00879382709406309 -0.17885204081632455 -68.0 66.0
0 0 0.0015160185492759904 0.008777135820365203 -0.03869897959183444 -66.0 68.0
-112.3461910899405 -325.2032520325203 0.0011509730794054527 0.008656778246644237 0.6756632653061247 -344.0 339.0
-113.54961123536513 -325.2032520325203 0.0011509730794054527 0.008656778246644237 0.6840306122449002 -4.0 4.0
-113.54961123536513 -325.2032520325203 0.0011509730794054527 0.008656778246644237 0.6840306122449002 0.0 0.0
-114.31050836532593 -325.2032520325203 0.0016851346130568492 0.009096508245157174 0.6934438775510227 0.0 9.0
-117.1401097707833 -325.2032520325203 0.003607843358283178 0.010751478289192774 0.7279591836734717 0.0 33.0
-122.00727223934496 -325.2032520325203 0.006682072620451392 0.013654262376797927 0.7854846938775533 0.0 55.0
-126.23168633307613 -325.2032520325203 0.010217543256991772 0.017399844476924123 0.8430102040816349 6.0 61.0
-128.01218172460298 -325.2032520325203 0.014296485937252745 0.02220603742702979 0.891122448979594 18.0 64.0
-129.4865210262556 -325.2032520325203 0.01846479167438556 0.027631577105016736 0.9402806122449001 21.0 68.0
-130.94280501264316 -325.2032520325203 0.022489767515015444 0.03344705866137523 0.9904846938775532 22.0 70.0
-131.74144872293795 -325.2032520325203 0.02638648089812487 0.039714436487060856 1.0385969387755125 25.0 71.0
-132.151369052283 -325.2032520325203 0.02998400544817286 0.04615821000199773 1.0846173469387779 26.0 70.0
-132.24695072132758 -325.2032520325203 0.0333191156287565 0.05282769460344876 1.1295918367346962 27.0 70.0
-132.2452903087038 -325.2032520325203 0.03623280186401496 0.05935640009635395 1.1724744897959207 26.0 67.0
-132.78686088328777 -325.2032520325203 0.03945818955964135 0.06767016461448301 1.2289540816326554 31.0 85.0
-132.8279495628609 -325.2032520325203 0.04173048902488685 0.07452985441816547 1.272882653061227 26.0 68.0
-132.52798376144966 -325.2032520325203 0.044140342581202426 0.08319538310819577 1.3262244897959208 33.0 84.0
-131.82505786341042 -325.2032520325203 0.04616305790462383 0.09235341642779536 1.3806122448979616 35.0 87.0
-131.30126471070267 -325.2032520325203 0.047627211800857584 0.10122781978851593 1.4339540816326555 33.0 84.0
-131.21390189965987 -325.2032520325203 0.04860677976801958 0.11016869380833832 1.4893877551020431 32.0 85.0
-130.95124201052408 -325.2032520325203 0.04909000250445755 0.11907309171257584 1.543775510204084 32.0 84.0
-130.38500405212943 -325.2032520325203 0.049088432625230105 0.12814434157673343 1.5981632653061248 33.0 85.0
-129.53505796975801 -325.2032520325203 0.048628313696767574 0.13681902242603824 1.6494132653061249 32.0 81.0
-129.82560007345924 -325.2032520325203 0.04793359010710335 0.14370280486714315 1.6933418367346964 24.0 66.0
-129.28519570733155 -325.2032520325203 0.046580337029050935 0.15267254748715414 1.7477295918367373 33.0 85.0
-129.59066196893363 -325.2032520325203 0.04480381534110287 0.16125434710930509 1.8021173469387781 31.0 83.0
-129.5853514485775 -325.2032520325203 0.042635309162640994 0.1695073346422896 1.8533673469387781 31.0 80.0
-130.81973387079486 -325.2032520325203 0.039710487075483934 0.17858003942137715 1.9119387755102066 34.0 90.0
-133.45263879438141 -325.2032520325203 0.03705102051673562 0.18554654660852082 1.9590051020408188 26.0 71.0
-137.96939319426966 -325.2032520325203 0.03416249340668046 0.19217037482164476 2.005025510204084 25.0 69.0
-141.9011418917555 -325.2032520325203 0.03094178996649878 0.19872496894455022 2.0500000000000025 26.0 69.0
-155.87027042894474 -325.2032520325203 0.026665955447869837 0.20646279096110798 2.1012500000000025 33.0 82.0
-182.72170987495957 -325.2032520325203 0.02197065438519703 0.21404408070500142 2.149362244897962 35.0 81.0
-261.801682700876 -325.2032520325203 0.01690849313862436 0.22138549267843663 2.199566326530615 34.0 82.0
-325.2032520325203 -218.32281723627602 0.012462509488721296 0.22727596204723863 2.235127551020411 31.0 65.0
-325.2032520325203 12.238072733995988 0.00756443439151001 0.23330044372475278 2.271734693877554 33.0 68.0
-325.2032520325203 325.2032520325203 0.00106232213507407 0.24078823017805995 2.2999744897959213 51.0 78.0
-325.2032520325203 325.2032520325203 -0.0037126352798527744 0.24621210985483516 2.2853316326530644 54.0 40.0
-325.2032520325203 325.2032520325203 -0.0072334487131179084 0.2504829526016639 2.2351275510204114 60.0 12.0
-325.2032520325203 325.2032520325203 -0.010649919230165547 0.2552224183369704 2.155637755102044 76.0 0.0
325.2032520325203 -212.60494900729424 -0.012905121181986019 0.25888944562845667 2.08869897959184 60.0 -4.0
325.2032520325203 -209.8019629685743 -0.013947130072801383 0.2610326913533064 1.9579591836734727 78.0 -47.0
325.2032520325203 -217.27139326499312 -0.014077809657243404 0.2613941702418118 1.8774234693877583 41.0 -36.0
325.2032520325203 -216.28080150182208 -0.01412406496396793 0.26154079735083263 1.8753316326530645 2.0 0.0
325.2032520325203 -216.77590667105713 -0.014100975653763087 0.2614674717115292 1.8763775510204115 -1.0 0.0
325.2032520325203 -222.75230429626205 -0.013791855014032014 0.2605171060867735 1.8941581632653095 -15.0 2.0
325.2032520325203 -237.32870975339517 -0.013051482543875347 0.2584142600400884 1.9244897959183707 -29.0 0.0
-325.2032520325203 325.2032520325203 -0.012379625535572208 0.2567787557826745 1.9966581632653095 -46.0 23.0
-325.2032520325203 325.2032520325203 -0.011222910758930438 0.25452093699208844 2.091836734693881 -62.0 29.0
-325.2032520325203 325.2032520325203 -0.010416112141507112 0.2532121275174422 2.1545918367346975 -40.0 20.0
-325.2032520325203 325.2032520325203 -0.01037377259228764 0.2531479626657172 2.1535459183673504 0.0 -1.0
-325.2032520325203 325.2032520325203 -0.010205624268336 0.2528905089977452 2.1451785714285747 2.0 -6.0
-325.2032520325203 325.2032520325203 -0.00954926961453132 0.251850269329001 2.122168367346942 3.0 -19.0
-325.2032520325203 325.2032520325203 -0.009239791972473821 0.2513188104039028 2.0740561224489826 19.0 -27.0
-325.2032520325203 325.2032520325203 -0.00862630814031606 0.2500784871999833 1.9861989795918398 33.0 -51.0
-325.2032520325203 325.2032520325203 -0.00830136194243342 0.24921511229967547 1.8753316326530642 47.0 -59.0
-325.20325203252037 325.20325203252037 -0.008135354047399242 0.24854344839978854 1.7508673469387785 55.0 -64.0
-325.2032520325203 325.2032520325203 -0.008049367993731738 0.24777952238172482 1.6148979591836765 60.0 -70.0
-325.2032520325203 325.2032520325203 -0.008062312075643003 0.24731845404270827 1.470561224489799 66.0 -72.0
-325.2032520325203 325.2032520325203 -0.008076726048901167 0.24724294243432973 1.2938010204081662 84.0 -85.0
-325.2032520325203 325.2032520325203 -0.008159128349235304 0.24702754106125 1.1170408163265335 83.0 -86.0
-325.2032520325203 325.2032520325203 -0.00819754656106089 0.24696095422602618 0.9779336734693906 66.0 -67.0
-325.2032520325203 325.2032520325203 -0.008528949894210392 0.24653698447898945 0.836734693877554 64.0 -71.0
-325.2032520325203 325.2032520325203 -0.008860822519061666 0.24621665320768688 0.698673469387758 63.0 -69.0
-325.2032520325203 325.2032520325203 -0.00904785949386073 0.24608172707721906 0.5511989795918396 69.0 -72.0
-325.2032520325203 325.2032520325203 -0.00918430372427369 0.24601086076302808 0.4068622448979621 68.0 -70.0
-325.2032520325203 325.2032520325203 -0.009256899784760138 0.2459855708910069 0.26357142857143145 68.0 -69.0
-130.88235294118053 130.88235294118053 -0.009181243909790351 0.24599920739376807 0.09308673469388043 82.0 -81.0
120.58823529411335 -120.58823529411335 -0.009104369424884143 0.24599948881055025 -0.08576530612244593 86.0 -85.0
301.4705882352903 -301.4705882352903 -0.009180380175478172 0.24601098365370414 -0.2144132653061197 61.0 -62.0
325.2032520325203 -325.2032520325203 -0.009403687115565048 0.24606861958983808 -0.290765306122446 35.0 -38.0
325.2032520325203 -325.2032520325203 -0.009330050498147077 0.24604654213073973 -0.291811224489793 1.0 0.0
325.2032520325203 -325.2032520325203 -0.00918270817092705 0.2460026183204612 -0.28762755102040494 -1.0 3.0
325.2032520325203 -325.2032520325203 -0.00910891188998794 0.2459810805734909 -0.2803061224489767 -3.0 4.0
291.1764705882306 -291.1764705882306 -0.008661290870597627 0.24586978373840573 -0.20709183673469056 -32.0 38.0
123.5294117647006 -123.5294117647006 -0.00835712868107705 0.24582459953246993 -0.08785714285713908 -55.0 59.0
-94.11764705882887 94.11764705882887 -0.00835712868107705 0.24582459953246993 0.06693877551020788 -74.0 74.0
-255.88235294118184 255.88235294118184 -0.00835712868107705 0.24582459953246993 0.18198979591837117 -55.0 55.0
-325.2032520325203 325.2032520325203 -0.008432165533383015 0.24580788916380217 0.2562500000000038 -36.0 35.0
-325.2032520325203 325.2032520325203 -0.008432165533383015 0.24580788916380217 0.27089285714286093 -7.0 7.0
-325.2032520325203 325.2032520325203 -0.008432165533383015 0.24580788916380217 0.27089285714286093 0.0 0.0
-325.2032520325203 325.2032520325203 -0.008432165533383015 0.24580788916380217 0.26043367346939156 5.0 -5.0
-325.2032520325203 325.2032520325203 -0.00969892685193562 0.24548658241403823 0.23637755102041197 3.0 -20.0
-208.82352941177007 208.82352941177007 -0.010000750026544483 0.2454277689694101 0.1485204081632691 40.0 -44.0
0 0 -0.010996927713016627 0.2453478915157701 0.011505102040820142 59.0 -72.0
-325.2032520325203 -111.54725453579515 -0.012912974148428501 0.24591689733282776 -0.5888520408163229 274.0 -300.0
-325.2032520325203 -112.34503535428783 -0.01297678990745677 0.2459597612398434 -0.594081632653058 2.0 -3.0
-325.2032520325203 -112.34503535428783 -0.01297678990745677 0.2459597612398434 -0.594081632653058 0.0 0.0
-325.20325203252037 -113.3430543511095 -0.012215603880784711 0.24543860667275297 -0.6066326530612214 12.0 0.0
-325.2032520325203 -117.06717075238197 -0.00948173930033373 0.24344680078217137 -0.6526530612244867 44.0 0.0
-325.2032520325203 -123.67920920359178 -0.005041913122619554 0.23976843495584185 -0.7310969387755071 75.0 0.0
-325.2032520325203 -125.92092721248642 -0.0007337440052145611 0.2357090410052055 -0.7802551020408135 62.0 15.0
-325.2032520325203 -127.83295651984767 0.0049872874821646675 0.22969228897687533 -0.8409183673469363 83.0 25.0
-325.2032520325203 -128.1556696527089 0.009733243505459878 0.22414147496534756 -0.8858928571428546 69.0 26.0
-325.2032520325203 -129.05782595384235 0.015306596120277943 0.2168871016880392 -0.9455102040816303 88.0 31.0
-325.2032520325203 -130.02327754469266 0.020765853193481065 0.2087929604751429 -1.0093112244897942 94.0 33.0
-325.2032520325203 -130.33282779174286 0.024550518676359698 0.20245729104068633 -1.0553316326530595 70.0 26.0
-325.2032520325203 -130.3529415689499 0.028837673626556152 0.1943759239874811 -1.1107653061224472 86.0 33.0
-325.2032520325203 -130.77800381525708 0.03256963216997209 0.18627689369489517 -1.1672448979591818 85.0 31.0
-325.2032520325203 -131.53352548581313 0.03590963423549783 0.17776028772667585 -1.2268622448979576 88.0 31.0
-325.2032520325203 -132.5733787643352 0.038133586903610475 0.17104654876988026 -1.274974489795917 69.0 23.0
-325.2032520325203 -134.0404108782477 0.04054475201958956 0.16214222915614865 -1.3377295918367338 90.0 30.0
-325.2032520325203 -135.22678777112966 0.042454345881052444 0.15280295683255388 -1.4004846938775497 92.0 32.0
-325.2032520325203 -134.79258492024647 0.04379810414025005 0.14344330096914398 -1.4559183673469374 88.0 35.0
-325.2032520325203 -133.96068173981413 0.04461753145524704 0.13417758904878613 -1.509260204081631 86.0 35.0
-325.2032520325203 -133.44753802518048 0.04493427639734173 0.12495802844962212 -1.5636479591836716 86.0 34.0
-325.2032520325203 -132.64584990265524 0.044770940712917685 0.11611891243924988 -1.614897959183672 82.0 33.0
-325.2032520325203 -134.52678395760233 0.04414972981786166 0.10760842953347487 -1.6724234693877538 83.0 28.0
-325.2032520325203 -133.92768399976566 0.042993801300690866 0.09861112961484976 -1.7247193877551013 84.0 34.0
-325.2032520325203 -133.8047242279289 0.04139668199370677 0.08983781688992888 -1.7770153061224487 83.0 33.0
-325.2032520325203 -134.57579327473684 0.03929850936659637 0.08101255495674273 -1.8314030612244894 85.0 33.0
-325.2032520325203 -135.37437268615682 0.03726587902173241 0.07399799519530628 -1.8742857142857137 68.0 27.0
-325.2032520325203 -136.84704007967994 0.03485704776595803 0.06685972362274024 -1.918214285714285 70.0 28.0
-325.2032520325203 -138.22695003298972 0.03141093779130513 0.05805443145363973 -1.9694642857142846 86.0 37.0
-325.2032520325203 -142.15905092075351 0.02767219426395524 0.049789482972300035 -2.021760204081632 84.0 34.0
-325.2032520325203 -159.979911685172 0.023427362812768318 0.04159912089538217 -2.0761479591836727 86.0 34.0
-325.2032520325203 -200.2637621408099 0.018673962551813812 0.03351418814849691 -2.1284438775510193 86.0 36.0
-325.2032520325203 -280.76594265671645 0.014651336821871145 0.02732687190986782 -2.1660969387755085 66.0 30.0
-158.17990607649588 -325.2032520325203 0.010255996362070792 0.021113773235851205 -2.2068877551020396 69.0 30.0
325.2032520325203 -325.2032520325203 0.003921835396961133 0.012892831478138404 -2.2476785714285707 87.0 48.0
325.2032520325203 -325.2032520325203 -0.001475035820915082 0.00628314137017689 -2.263367346938775 63.0 48.0
325.2032520325203 -325.2032520325203 -0.0066927872295365 -0.00027345802497104246 -2.222576530612244 35.0 74.0
325.2032520325203 -325.2032520325203 -0.010132704711017458 -0.005184871445067308 -2.1409948979591826 0.0 78.0
-201.24583079167726 325.2032520325203 -0.013083297260757177 -0.010227570112985158 -2.0594132653061212 -1.0 77.0
-193.80978345903927 325.2032520325203 -0.01416381051711415 -0.012522831725190147 -1.9621428571428563 -30.0 63.0
-192.63617855204163 325.20325203252025 -0.014673300993608269 -0.013891716250994569 -1.8920663265306112 -24.0 43.0
-192.63617855204163 325.20325203252025 -0.014673300993608269 -0.013891716250994569 -1.8920663265306112 0.0 0.0
-195.6350599922156 325.2032520325203 -0.014526278714615076 -0.013454525203534025 -1.8983418367346925 0.0 -6.0
-207.43027168279173 325.2032520325203 -0.01393734272109054 -0.011787365819684877 -1.9223979591836722 0.0 -23.0
-231.2620602432327 325.2032520325203 -0.012666468886184942 -0.008569889310621083 -1.9715561224489786 1.0 -46.0
325.2032520325203 -325.2032520325203 -0.010900315423356692 -0.004898209369999245 -2.0667346938775495 19.0 -72.0
325.2032520325203 -325.2032520325203 -0.009264657036148021 -0.0022039677965728886 -2.1660969387755085 27.0 -68.0
325.2032520325203 -325.2032520325203 -0.007826143134233236 -0.00020840327644383507 -2.224668367346937 12.0 -44.0
325.2032520325203 -325.2032520325203 -0.007919536083447067 -0.00033053770867792266 -2.222576530612243 0.0 2.0
325.2032520325203 -325.2032520325203 -0.007919536083447067 -0.00033053770867792266 -2.220484693877549 -1.0 1.0
325.2032520325203 -325.2032520325203 -0.007421823784868552 0.00035310262692896013 -2.179693877551019 -25.0 14.0
325.2032520325203 -325.2032520325203 -0.007055996400137302 0.0009403515862347164 -2.076147959183672 -54.0 45.0
325.2032520325203 -325.2032520325203 -0.006861068447724329 0.0013583882543250715 -1.9380867346938757 -69.0 63.0
325.2032520325203 -325.2032520325203 -0.006625711249897977 0.0021706004372282384 -1.7676020408163247 -87.0 76.0
325.2032520325203 -325.2032520325203 -0.006586846251749369 0.0024756344712619973 -1.6274489795918345 -69.0 65.0
325.2032520325203 -325.2032520325203 -0.006592608876197913 0.0028599662716434705 -1.4841581632653043 -71.0 66.0
325.2032520325203 -325.2032520325203 -0.00664123688565388 0.003163596913536462 -1.339821428571427 -71.0 67.0
325.2032520325203 -325.2032520325203 -0.006616949027380703 0.0030906595049898043 -1.1588775510204066 -86.0 87.0
325.2032520325203 -325.2032520325203 -0.006876561315513024 0.0035620192142095265 -0.9758418367346922 -91.0 84.0
325.2032520325203 -325.2032520325203 -0.006876561315513024 0.0035620192142095265 -0.835688775510202 -67.0 67.0
325.2032520325203 -325.2032520325203 -0.007158781434619279 0.003822971211704566 -0.6568367346938757 -88.0 83.0
325.2032520325203 -325.2032520325203 -0.007353783299821256 0.003946105947635374 -0.4696173469387741 -91.0 88.0
325.2032520325203 -325.2032520325203 -0.007070128157743242 0.003827379327314987 -0.32318877551020275 -68.0 72.0
207.3529411764681 -207.3529411764681 -0.007369152556620137 0.0038990777155556685 -0.1474744897959166 -86.0 82.0
0 0 -0.007292426370855331 0.0038942967069816787 0.023010204081634428 -81.0 82.0
325.2032520325203 -325.2032520325203 -0.006272974044087378 0.004239305425635871 0.6296428571428591 -283.0 297.0
325.2032520325203 -325.2032520325203 -0.006272974044087378 0.004239305425635871 0.6296428571428591 0.0 0.0
325.2032520325203 -325.2032520325203 -0.006335083648030073 0.0041940046229599634 0.630688775510206 -1.0 0.0
325.2032520325203 -325.2032520325203 -0.005474590571993102 0.00484042996945593 0.6578826530612264 -6.0 20.0
325.2032520325203 -325.2032520325203 -0.004780801566124272 0.005448429200816909 0.7813010204081652 -53.0 65.0
325.2032520325203 -325.2032520325203 -0.004830636663508256 0.005389895204765649 0.9496938775510223 -81.0 80.0
325.2032520325203 -325.2032520325203 -0.0049112712196538715 0.005258986340072691 1.0877551020408183 -67.0 65.0
325.2032520325203 -325.2032520325203 -0.004999499929962338 0.0050459051693834325 1.2686989795918386 -88.0 85.0
325.2032520325203 -325.2032520325203 -0.005062674385085498 0.004744964580196975 1.4590561224489815 -93.0 89.0
325.2032520325203 -325.2032520325203 -0.0050814041736828314 0.004284095013487371 1.6013010204081652 -71.0 65.0
325.2032520325203 -325.2032520325203 -0.005015903616482363 0.003749971251956929 1.7843367346938797 -91.0 84.0
325.2032520325203 -325.2032520325203 -0.0048766776923343915 0.0033102353032955266 1.9705102040816347 -92.0 86.0
325.2032520325203 -325.2032520325203 -0.0047309176744628105 0.003039476615179935 2.1587755102040838 -92.0 88.0
325.2032520325203 -325.2032520325203 -0.004295017261305736 0.002502185404164444 2.345994897959186 -94.0 85.0
288.91678622668286 -288.91678622668286 -0.003948653983318269 0.002197580673141145 2.494515306122451 -74.0 68.0
74.21090387374178 -74.21090387374178 -0.0036898898566455484 0.0020314560911332295 2.6472193877551042 -75.0 71.0
-108.14203730272874 108.14203730272874 -0.0028511868894086283 0.0016472900036814799 2.7769132653061246 -68.0 56.0
-261.0832137733171 261.0832137733171 -0.002558371685926875 0.0015533990743542031 2.8856887755102063 -54.0 50.0
-325.2032520325203 325.2032520325203 -0.002408516746011069 0.0015190107117466292 2.9463520408163286 -30.0 28.0
-325.2032520325203 325.2032520325203 -0.002257625774376587 0.0014894983892490376 2.9505357142857163 -3.0 1.0
-325.2032520325203 325.2032520325203 -0.002182157230808584 0.0014748606108409422 2.9494897959183692 0.0 -1.0
-325.2032520325203 325.2032520325203 -0.001052246040029832 0.0012446477385293733 2.931709183673471 1.0 -16.0
-318.4361549497872 318.4361549497872 -0.0014279753219498515 0.0013257134361632466 2.9264795918367366 5.0 0.0
-177.25968436155205 177.25968436155205 -0.0014279753219498515 0.0013257134361632466 2.8260714285714306 48.0 -48.0
0 0 -0.0007115144557515713 0.0010470372984937102 2.7152040816326553 48.0 -58.0
325.2032520325203 -325.2032520325203 -0.00036104163026583625 0.0007471700593760543 2.152500000000002 266.0 -272.0
325.2032520325203 -325.2032520325203 -0.00036104163026583625 0.0007471700593760543 2.1483163265306144 2.0 -2.0
325.2032520325203 -325.2032520325203 -0.00036104163026583625 0.0007471700593760543 2.152500000000002 -2.0 2.0
325.2032520325203 -325.2032520325203 -0.0004906657927427666 0.0009379198093815375 2.1828316326530635 -13.0 16.0
325.2032520325203 -325.2032520325203 -0.0006331383504437321 0.001119274326631991 2.290561224489798 -50.0 53.0
325.2032520325203 -325.2032520325203 -0.0005251911337560109 0.001009791629782789 2.407704081632655 -57.0 55.0
325.2032520325203 -325.2032520325203 -0.0004647646515081876 0.0009622689418521427 2.54262755102041 -65.0 64.0
325.20325203252025 -325.20325203252025 -0.0005975075432280998 0.0010398472068355498 2.6827806122449 -66.0 68.0
325.2032520325203 -325.2032520325203 -0.00024038114245454888 0.0008977033554190035 2.8428061224489816 -79.0 74.0
325.2032520325203 -325.2032520325203 -1.5149037081947945e-05 0.000848121208083238 3.007015306122451 -80.0 77.0
325.2032520325203 -325.2032520325203 6.155823639605591e-05 0.0008430457947433536 -3.1391546949346862 -66.0 65.0
325.2032520325203 -325.2032520325203 -9.155082730104684e-05 0.000829021632957471 -2.9613485724857065 -84.0 86.0
180.69813635006022 -180.69813635006022 -0.0003151955857682526 0.0007727107757881332 -2.828516939832645 -62.0 65.0
0 0 -0.00038602117562258734 0.0007428192812322292 -2.6559404092204 -82.0 83.0
-325.2032520325203 325.2032520325203 0.001110672062675654 0.0021809181968348136 -2.0963740826897874 -281.0 254.0
-325.2032520325203 325.2032520325203 0.001110672062675654 0.0021809181968348136 -2.0921904092204002 -2.0 2.0
-325.2032520325203 325.2032520325203 0.001110672062675654 0.0021809181968348136 -2.0921904092204002 0.0 0.0
-325.2032520325203 325.2032520325203 0.0014225579248635226 0.002710967448289176 -2.113108776567339 6.0 -14.0
-325.2032520325203 325.2032520325203 0.002310755473319082 0.004059044506747828 -2.1936444908530532 28.0 -49.0
-325.2032520325203 325.2032520325203 0.0027524399449121604 0.004591591071076754 -2.332751633710196 62.0 -71.0
-325.2032520325203 325.2032520325203 0.0025821824841081044 0.004436026654626348 -2.469766939832645 67.0 -64.0
-325.2032520325203 325.2032520325203 0.0025821824841081044 0.004436026654626348 -2.6120118377918287 68.0 -68.0
-325.2032520325203 325.2032520325203 0.0024442382554565743 0.004368126343274084 -2.7563485724857064 70.0 -68.0
-325.2032520325203 325.2032520325203 0.002078362141999361 0.004250317980979875 -2.903823062281625 73.0 -68.0
-325.2032520325203 325.2032520325203 0.0015474604838159438 0.004162443383039978 -3.051297552077543 74.0 -67.0
-325.2032520325203 325.2032520325203 0.0010862109307154992 0.004161801304664616 3.0540816326530633 88.0 -82.0
-299.318507890964 299.318507890964 0.001313959241529279 0.004125488806176217 2.9128826530612266 66.0 -69.0
-100.78909612625819 100.78909612625819 0.0013874164036998095 0.004102821407762362 2.77168367346939 67.0 -68.0
88.91678622668286 -88.91678622668286 0.0010392232178777427 0.004265626954265175 2.636760204081635 67.0 -62.0
274.2109038737418 -274.2109038737418 0.0009098411545413826 0.004348689245269133 2.5049744897959205 64.0 -62.0
325.2032520325203 -325.2032520325203 0.0009098411545413826 0.004348689245269133 2.45058673469388 26.0 -26.0
325.2032520325203 -325.2032520325203 0.0009690045009875643 0.004299602953269339 2.4474489795918393 1.0 -2.0
325.2032520325203 -325.2032520325203 0.000909892527147137 0.004348751098439718 2.4484948979591863 0.0 1.0
325.2032520325203 -325.2032520325203 0.000909892527147137 0.004348751098439718 2.4484948979591863 0.0 0.0
291.8579626972708 -291.8579626972708 0.0007894882432580087 0.004444364229970623 2.4924234693877576 -20.0 22.0
174.2109038737415 -174.2109038737415 0.00028446669286372563 0.004795331797756245 2.5760969387755126 -36.0 44.0
0 0 1.4090615730596632e-05 0.0049418003162648326 2.7141581632653087 -64.0 68.0
325.2032520325203 -325.2032520325203 -6.187546322160867e-05 0.0049535867692354 -3.022011837791829 -261.0 262.0
325.2032520325203 -325.2032520325203 -6.187546322160867e-05 0.0049535867692354 -3.022011837791829 0.0 0.0
325.2032520325203 -325.2032520325203 1.4445745220411694e-05 0.004962797565452323 -3.020965919424482 -1.0 0.0
325.2032520325203 -325.2032520325203 -0.00013796405938367766 0.004942541357501591 -2.997955715342849 -10.0 12.0
325.2032520325203 -325.2032520325203 -0.0007410713915698154 0.0048221812899404606 -2.8912720418734614 -47.0 55.0
325.2032520325203 -325.2032520325203 -0.001107193140210638 0.004705138537934256 -2.7730832663632574 -54.0 59.0
325.2032520325203 -325.2032520325203 -0.0008289338018635975 0.004836012487300307 -2.6308383684040737 -70.0 66.0
325.2032520325203 -325.2032520325203 -7.011630006592724e-05 0.0053606097127652744 -2.4425730622816246 -96.0 84.0
325.2032520325203 -325.2032520325203 3.979844956612437e-05 0.005468116969791595 -2.2919608173836656 -73.0 71.0
325.2032520325203 -325.2032520325203 0.00021996163331624262 0.005717310623846071 -2.1016036745265225 -93.0 89.0
325.2032520325203 -325.2032520325203 0.0004167843505202887 0.006134458535853808 -1.9217057153428492 -89.0 83.0
325.2032520325203 -325.2032520325203 0.0004376654628540042 0.0062084432962623325 -1.7700475520775427 -73.0 72.0
325.2032520325203 -325.2032520325203 0.0004376654628540042 0.0062084432962623325 -1.5838740826897872 -89.0 89.0
325.2032520325203 -325.2032520325203 0.0004376654628540042 0.0062084432962623325 -1.4332618377918278 -72.0 72.0
325.2032520325203 -325.2032520325203 0.00038835960711390387 0.006433736046289351 -1.2774200010571342 -76.0 73.0
325.2032520325203 -325.2032520325203 0.00030132195472458716 0.006647306497643363 -1.0902006133020326 -91.0 88.0
325.2032520325203 -325.2032520325203 0.0003824572990487355 0.006516707422602986 -0.9395883684040731 -71.0 73.0
325.2032520325203 -325.2032520325203 0.0004334855078141781 0.006459210574557285 -0.7502771439142775 -90.0 91.0
325.2032520325203 -325.2032520325203 0.000493478617033768 0.0064111419520352445 -0.600710817383665 -71.0 72.0
325.2032520325203 -325.2032520325203 0.0007586931370217279 0.00625552219625997 -0.46055775615917494 -65.0 69.0
325.2032520325203 -325.2032520325203 0.0006153816811816968 0.006311207823894135 -0.2806597969755016 -87.0 85.0
132.85021669439192 -132.85021669439192 0.0010685412138532466 0.0062251961941636015 -0.09448632758774611 -86.0 92.0
-117.1497833056081 117.1497833056081 0.0018372792318150487 0.006220904080446508 0.0833197948612335 -80.0 90.0
-314.20860683501985 314.20860683501985 0.001989223874043291 0.006244396381273196 0.22347285608572331 -66.0 68.0
-325.2032520325203 325.2032520325203 0.0024353317509007055 0.006361611246822622 0.2904116315959274 -29.0 35.0
-325.2032520325203 325.2032520325203 0.0025825975088762687 0.006405791095485591 0.2925034683306213 0.0 2.0
-325.2032520325203 325.2032520325203 0.002287881803401668 0.006318047702876184 0.28622795812653967 1.0 -5.0
-325.2032520325203 325.2032520325203 0.0009568100050237076 0.005939878521076737 0.2674014275142948 0.0 -18.0
-250.97331271737283 250.97331271737283 0.001181726909268819 0.005990871430483784 0.17849836628980498 44.0 -41.0
0 0 0.0004937211127288306 0.005917802698782899 0.03311571322858048 65.0 -74.0
325.2032520325203 205.53780639890206 -0.000971981538599456 0.006382153845964905 -0.6467312255469295 315.0 -335.0
325.2032520325203 205.53780639890206 -0.000971981538599456 0.006382153845964905 -0.6467312255469295 0.0 0.0
325.2032520325203 205.68640715683063 -0.0010333564457516084 0.00642844516693401 -0.6456853071795825 -1.0 0.0
325.2032520325203 206.09378329918255 -0.002265198501578672 0.007348483970189477 -0.6373179602408072 -14.0 -6.0
325.2032520325203 208.49136641642426 -0.005762241342619831 0.009859204258856212 -0.6080322459550933 -42.0 -14.0
325.2032520325203 205.8510432125283 -0.012178792161770102 0.014231091119913688 -0.5881597969755017 -60.0 -41.0
325.2032520325203 201.95762999871573 -0.019582239671387662 0.019062821178905242 -0.5682873479959101 -67.0 -48.0
325.2032520325203 197.54511422524016 -0.027012608294211815 0.023709641187411094 -0.5494608173836655 -66.0 -48.0
325.2032520325203 192.1144107377067 -0.034256289399196435 0.028072810690397285 -0.5348179602408081 -62.0 -48.0
325.2032520325203 187.3649850678107 -0.04143895677072883 0.032237038791729386 -0.5159914296285635 -63.0 -45.0
325.2032520325203 181.41177750208814 -0.05073680546229942 0.03734542271144011 -0.4887975520775427 -82.0 -56.0
325.2032520325203 175.18761711502506 -0.060382956577103804 0.04228949179074949 -0.4584659194244818 -85.0 -56.0
325.2032520325203 169.07595220643032 -0.06990155165918506 0.04679690109976542 -0.4260424500367268 -84.0 -53.0
325.2032520325203 162.73649701632738 -0.07935188274526776 0.05089653448897462 -0.3925730622816248 -83.0 -51.0
325.2032520325203 156.68223449019303 -0.08713506789158987 0.05400071785480466 -0.36642510309795107 -67.0 -42.0
325.2032520325203 150.2179952649672 -0.09623856065055214 0.057309774918383585 -0.330863878608155 -80.0 -46.0
325.2032520325203 144.99634480205452 -0.10369356725598657 0.059740428755405466 -0.29948632758774707 -66.0 -36.0
325.2032520325203 138.39967537839155 -0.11233471430495177 0.062236297205221044 -0.262879184730604 -76.0 -41.0
325.2032520325203 131.5140173588979 -0.12144026147132704 0.06448350933659971 -0.22104245003672673 -81.0 -41.0
325.20325203252025 124.14633849769352 -0.13101357536511338 0.0663993044343757 -0.17397612350611436 -86.0 -41.0
325.2032520325203 114.87838043794262 -0.1410472511586356 0.06791492520504572 -0.12586387860815496 -89.0 -43.0
325.2032520325203 106.88167423027734 -0.14853703937503654 0.06872761305161504 -0.09030265411835892 -66.0 -32.0
325.2032520325203 98.54857604609823 -0.1575896279387231 0.06930917720036486 -0.03800673575101232 -84.0 -34.0
325.2032520325203 90.47027527675262 -0.1661222046880883 0.06940590507544496 0.015335100983681564 -81.0 -30.0
325.2032520325203 81.99189014969284 -0.17457042771448425 0.06903754145241262 0.07181469282041628 -82.0 -28.0
325.2032520325203 77.04079491775063 -0.18236825874460533 0.06821350699428558 0.13875346833062036 -83.0 -19.0
325.2032520325203 66.13912512892291 -0.18927431337304165 0.06709763128002431 0.18163612139184485 -66.0 -25.0
325.2032520325203 55.31482346188914 -0.19574900758550362 0.06576085851787977 0.22556469282041627 -64.0 -22.0
325.2032520325203 42.79037638900505 -0.20223242607539954 0.06411881689218914 0.27053918261633464 -65.0 -22.0
325.2032520325203 32.27607371997036 -0.20818820174138736 0.062301481347483034 0.32178918261633466 -65.0 -16.0
325.2032520325203 19.761638840851543 -0.21432752138727537 0.060063890918865985 0.3772228560857224 -69.0 -16.0
325.2032520325203 0.8593635627248287 -0.22172649061821365 0.05683737261963788 0.44520754996327344 -85.0 -20.0
325.2032520325203 -25.154837871673397 -0.22804977828914785 0.05350126771702517 0.5257432642489878 -85.0 -8.0
325.2032520325203 -35.1617981737376 -0.2330460078063736 0.050326887304751426 0.606278978534702 -77.0 0.0
325.2032520325203 -49.893856461557235 -0.23836311716329459 0.04626987311915034 0.6972738764938857 -87.0 0.0
325.2032520325203 -64.54180151598804 -0.2422486173745694 0.04277278227700978 0.7683963254734776 -68.0 0.0
325.2032520325203 -86.03032945970524 -0.24658441654377625 0.03819696435812301 0.8562534683306204 -83.0 1.0
325.2032520325203 -109.88701423783412 -0.25043121258347195 0.03330042144555638 0.9535238764938857 -87.0 6.0
325.2032520325203 -138.2807728876144 -0.2533832604320396 0.028801169834202875 1.0267381622081715 -70.0 0.0
325.2032520325203 -175.79275077967054 -0.256377860480038 0.023341651282338338 1.1114575499632735 -81.0 0.0
325.2032520325203 -209.41133615452068 -0.258556526536543 0.01850535017975404 1.1836259173102124 -69.0 0.0
325.2032520325203 -236.01055380480213 -0.2601962844512353 0.01378518559079861 1.2892636724122533 -83.0 18.0
325.2032520325203 -244.39820073248907 -0.26075277485512277 0.011388955545418744 1.395947345881641 -67.0 35.0
325.2032520325203 -325.2032520325203 -0.2609666067122217 0.009324374455339061 1.5392381622081714 -82.0 55.0
325.2032520325203 -325.2032520325203 -0.26089170148089974 0.007480895622718355 1.683574896902049 -81.0 57.0
325.2032520325203 -325.2032520325203 -0.2607348919341096 0.0066499368953073824 1.8310493866979674 -76.0 65.0
325.2032520325203 -325.2032520325203 -0.2603804858053637 0.005633713318328694 1.9816616315959266 -79.0 65.0
325.2032520325203 -325.2032520325203 -0.2601692463475985 0.005223677400410449 2.111355509146947 -65.0 59.0
325.2032520325203 -325.2032520325203 -0.26007912257622495 0.005099111079386637 2.282886121391845 -83.0 81.0
325.2032520325203 -325.2032520325203 -0.26007912257622495 0.005099111079386637 2.4586004071061307 -84.0 84.0
325.2032520325203 -325.2032520325203 -0.26045971362151255 0.005359691237393535 2.623855509146947 -76.0 82.0
325.2032520325203 -325.2032520325203 -0.26059920549561183 0.005424352505245818 2.7912024479224575 -79.0 81.0
297.0694426886494 -297.0694426886494 -0.26037761548519844 0.00536043257165707 2.9303095907796006 -68.0 65.0
0 0 -0.2604539106119393 0.0053698569687516745 3.1070697948612334 -84.0 85.0
98.10660625505092 325.2032520325203 -0.2603105209402273 0.005425340881251818 -2.3686665327265164 -387.0 385.0
98.10660625505092 325.2032520325203 -0.2603105209402273 0.005425340881251818 -2.3686665327265164 0.0 0.0
98.10660625505092 325.2032520325203 -0.2603105209402273 0.005425340881251818 -2.3686665327265164 0.0 0.0
99.11515290191149 325.20325203252025 -0.25953458402308627 0.006171153165353999 -2.3833093898693734 0.0 -14.0
101.7515537245587 325.2032520325203 -0.2574898588025519 0.008036134404538599 -2.420962451093863 0.0 -36.0
106.76382884215859 325.2032520325203 -0.2535642314485068 0.011250537761255546 -2.489993063338761 0.0 -66.0
111.06372203873036 325.2032520325203 -0.2501937414578338 0.013673897780995274 -2.5464726551754957 0.0 -54.0
111.61204421052017 325.2032520325203 -0.243592261423004 0.01790540613053726 -2.5966767368081487 -27.0 -75.0
112.48126592586237 325.2032520325203 -0.23508595825432052 0.022697213322826024 -2.660477757216312 -33.0 -94.0
114.2646841864197 325.2032520325203 -0.22684128154169816 0.026661238665828736 -2.726370614359169 -28.0 -91.0
114.25107493082976 325.2032520325203 -0.22009710070313765 0.029463319960584124 -2.7692532674203933 -27.0 -68.0
114.4222479855387 325.2032520325203 -0.21309193781479768 0.03201923030201816 -2.8142277572163117 -27.0 -70.0
114.54020534056342 325.2032520325203 -0.2036858585244359 0.03490908711221259 -2.8727991857877404 -36.0 -92.0
114.9211523345847 325.2032520325203 -0.19712762437369044 0.03656884306535629 -2.914635920481618 -24.0 -64.0
116.20257281096416 325.2032520325203 -0.18861080554564713 0.03827927994402556 -2.9721614306857 -29.0 -84.0
117.20868108920716 325.2032520325203 -0.17955304119697324 0.03956189290962238 -3.0296869408897815 -32.0 -87.0
118.27440496994068 325.2032520325203 -0.1728922646940675 0.04016610511900211 -3.072569593951006 -23.0 -64.0
121.26969159945737 325.2032520325203 -0.1642117165843651 0.04049758932792802 -3.134278777624475 -27.0 -86.0
233.37558943875322 325.2032520325203 -0.15775501205039835 0.04039623445111638 3.1028861213918457 -20.0 -64.0
244.9449870263041 325.2032520325203 -0.14847364974042523 0.0397788268170239 3.047452447922458 -34.0 -87.0
252.00376274452097 325.2032520325203 -0.14144457720615922 0.03899626975327251 3.013983060167356 -30.0 -62.0
261.612965332737 325.2032520325203 -0.13194025920723365 0.037579220965853886 2.9731922438408254 -43.0 -82.0
264.8776750576776 325.2032520325203 -0.12324149046415438 0.03600185837435753 2.9512279581265397 -47.0 -68.0
268.04554704290234 325.2032520325203 -0.11149503879526924 0.03358505688467213 2.926125917310213 -66.0 -90.0
269.41543564203215 325.2032520325203 -0.10003069071717809 0.030956287845750573 2.906253468330621 -67.0 -86.0
265.79669529787486 325.2032520325203 -0.08890760044000887 0.028221407715549523 2.8947483662898046 -69.0 -80.0
262.40244458885985 325.2032520325203 -0.0776708801539143 0.02530855975733135 2.881151427514294 -69.0 -82.0
263.1550013975801 325.2032520325203 -0.0687017633560036 0.022842830173402644 2.8654626520040902 -53.0 -68.0
261.1447111694786 325.2032520325203 -0.0577061417336417 0.019633622829139528 2.8497738764938862 -67.0 -82.0
253.7985940473421 325.2032520325203 -0.048738137907238216 0.0168884709331395 2.839314692820417 -56.0 -66.0
252.90022223843738 325.2032520325203 -0.03768747534799603 0.01333439960332802 2.821534080575519 -67.0 -84.0
253.3431182415678 325.2032520325203 -0.026772556350612105 0.009614954773377258 2.804799386697968 -67.0 -83.0
287.7590836784849 325.2032520325203 -0.016359375731938165 0.005858550987457348 2.785972856085723 -63.0 -81.0
325.2032520325203 -325.2032520325203 -0.007949255590857343 0.00266971721110404 2.7723759173102125 -52.0 -65.0
325.2032520325203 -325.2032520325203 0.0008457550101082564 -0.0008025490041403687 2.758778978534702 -55.0 -68.0
325.2032520325203 -325.2032520325203 0.009389418978303797 -0.0040727167390099735 2.793294284657151 -76.0 -43.0
-325.2032520325203 5.190926929721814 0.014889128461270527 -0.005803504780218613 2.880105509146947 -79.0 4.0
-325.2032520325203 -1.8566198657650783 0.019682941691707725 -0.00691064285276661 2.9491361213918452 -65.0 1.0
-325.2032520325203 -5.613245542841355 0.022408829956321125 -0.007388753110806477 2.986789182616335 -36.0 0.0
-325.2032520325203 -5.613245542841355 0.022408829956321125 -0.007388753110806477 2.986789182616335 0.0 0.0
-325.2032520325203 -5.5214339987729355 0.02233288044800281 -0.00737686034783035 2.985743264248988 1.0 0.0
-325.2032520325203 12.460310350846733 0.021421116298502033 -0.007236530786849338 2.9920187744530695 3.0 9.0
-325.2032520325203 29.07134549786668 0.018087059491547732 -0.006666117377117685 2.952273876493886 41.0 3.0
-325.2032520325203 47.48269308501555 0.014631005223311497 -0.005917282977863684 2.9041616315959264 46.0 0.0
325.2032520325203 -325.2032520325203 0.009084617960617693 -0.004342475061686946 2.825717754044906 75.0 0.0
325.2032520325203 -325.2032520325203 0.0030406172720682315 -0.0020688519779693227 2.737860611187763 84.0 0.0
325.2032520325203 -325.2032520325203 -0.0014612844760518145 -8.408986369122214e-05 2.7148504071061303 43.0 21.0
325.2032520325203 -325.2032520325203 -0.00614973446016762 0.0018553368064730563 2.7838810193510284 0.0 66.0
325.2032520325203 -325.2032520325203 -0.010593975534175744 0.0033516520027883647 2.8497738764938854 -1.0 62.0
22.95469128093037 325.2032520325203 -0.016123130052196115 0.0046896829734145665 2.958549386697967 -15.0 89.0
0 0 -0.01933014230455236 0.005063713688379158 3.092426937718375 -43.0 85.0
0 0 -0.008192782328449026 0.004603241074300375 3.108115713228579 -80.0 -65.0
0 0 -0.008192782328449026 0.004603241074300375 3.108115713228579 0.0 0.0
0 0 -0.008192782328449026 0.004603241074300375 3.108115713228579 0.0 0.0
0 0 -0.008192782328449026 0.004603241074300375 3.108115713228579 0.0 0.0
0 0 -0.008192782328449026 0.004603241074300375 3.108115713228579 0.0 0.0
0 0 -0.008192782328449026 0.004603241074300375 3.108115713228579 0.0 0.0
