43.178984733861 -325.2032520325203 0.0 0.0 0.0 0 0
19.435703163503263 -325.2032520325203 0.010789775132012496 0.001035762034074326 0.19140306122448983 -21.0 162.0
-7.199503997621123 -325.2032520325203 0.02209089028363964 0.0042955932943220705 0.37025510204081635 -9.0 162.0
-38.04427927822503 -325.2032520325203 0.03349364313044165 0.009851724741234913 0.5365561224489797 3.0 162.0
-73.50845133731751 -325.2032520325203 0.0448878472230127 0.017838084659086227 0.686122448979592 19.0 162.0
-115.36956703149318 -325.2032520325203 0.05600413422083897 0.028235902456319385 0.8179081632653062 36.0 162.0
-164.50914557797648 -325.2032520325203 0.06682387588628852 0.0411344085494125 0.9277295918367349 57.0 162.0
-200.83612492879524 -294.99164302807924 0.07743419098484873 0.05660260235991492 1.01140306122449 82.0 162.0
-212.32144348833472 -247.91537622797372 0.08711208091992373 0.07293928921558425 1.0605612244897962 100.0 147.0
-214.14511315334528 -213.47606976981584 0.09557283639766398 0.08837721769988918 1.0783418367346942 106.0 123.0
-210.45885369568632 -187.05835595393975 0.1033220240951075 0.10280185796127578 1.0772959183673472 107.0 106.0
-203.64123290917112 -166.01346507163777 0.11061648663408963 0.11616139641999083 1.0647448979591838 105.0 93.0
-195.4476922363002 -148.36700580851524 0.11758911184118657 0.12846844816772296 1.045918367346939 101.0 83.0
-185.99982950141887 -133.80884064940133 0.12431283351496833 0.1397644219413355 1.0218622448979593 97.0 74.0
-175.91183494161584 -121.69360033175153 0.13079077984181792 0.1500390314448133 0.9946683673469389 92.0 66.0
-165.90376644757507 -111.00810138924909 0.13708033435121206 0.15942762183229878 0.9664285714285715 87.0 60.0
-156.33037300331054 -101.25717489614361 0.14318675370859965 0.16800853283564493 0.9381887755102042 82.0 55.0
-146.67306660064952 -92.81943468497701 0.14912022662922517 0.17585834169320344 0.9089030612244899 78.0 50.0
-137.7384431227108 -84.89246411629028 0.1548440984782798 0.18299455091597888 0.8806632653061226 73.0 46.0
-129.4829331746695 -77.52847228181304 0.16031585085423963 0.18944188292221817 0.8534693877551022 68.0 42.0
-121.42679040611779 -71.07070412390294 0.16555033845663616 0.19528014816994863 0.8262755102040817 64.0 38.0
-113.98785874137836 -64.96410447178964 0.1705688712348135 0.2005858020900592 0.8001275510204083 60.0 35.0
-107.13281767213073 -59.24830261136616 0.1753420168799478 0.20537978849495603 0.7750255102040818 56.0 32.0
-100.40957375256133 -54.236547318107434 0.1799004417188652 0.20973387014904118 0.7499234693877553 53.0 29.0
-94.26992647680609 -49.337617115711815 0.1842801045466462 0.2137160245791931 0.7258673469387757 50.0 27.0
-88.17456362586012 -45.23750364742251 0.18840564861514472 0.21728968022215894 0.7018112244897962 47.0 24.0
-82.56553149538915 -41.353553114080555 0.1923177692379945 0.22052050848976673 0.6788010204081635 44.0 22.0
-77.41403755667334 -37.71826252269053 0.19599974572181203 0.22342452072514724 0.6568367346938777 41.0 20.0
-45.540505469986684 -61.51439873688028 0.1994363016341048 0.22601741649275642 0.635918367346939 38.0 18.0
-50.4977696214904 -49.06959095296499 0.20264243580865915 0.22840503243858076 0.6442857142857145 22.0 30.0
-53.728362338671296 -38.813336784446385 0.20565534435215205 0.2306659458323605 0.6432397959183676 25.0 24.0
-55.79436736206728 -30.31463514940918 0.20843096370368075 0.23273070068610086 0.635918367346939 26.0 19.0
-56.86937212838333 -23.2472275195564 0.21104056171229305 0.2346319699452924 0.6233673469387757 27.0 15.0
-56.763309172495184 -17.79302523420449 0.2134902548794239 0.23636048286180106 0.6055867346938777 28.0 11.0
-55.88534524930007 -13.536786843823231 0.21578195797315877 0.2379119831615645 0.5846683673469389 28.0 8.0
-54.69185984654239 -10.019502133273162 0.2179126946459785 0.23928882592554523 0.5627040816326532 27.0 6.0
-53.42817379469585 -6.709665625109707 0.22000836180254174 0.24057715009628106 0.5396938775510205 27.0 5.0
-51.702002568257825 -4.284929229195147 0.22193450775251913 0.24169968057248678 0.5156377551020409 26.0 3.0
-49.8914488337741 -2.224162609871566 0.2237524361642413 0.24270135688271796 0.4915816326530613 25.0 2.0
-47.94151331325662 -0.5830844220431172 0.22545752555882898 0.24358807762347548 0.46752551020408173 24.0 1.0
-45.78935740643335 0.574732302598535 0.2270453766128371 0.24436589189816463 0.44346938775510214 23.0 0.0
-43.903975436331386 1.8611407552936026 0.2285812770863672 0.24507394295416982 0.42045918367346946 22.0 0.0
-42.30201855196228 3.2915494611575733 0.23006219033904257 0.24571667351877327 0.39849489795918375 21.0 0.0
-40.378406229128856 4.260355350292389 0.23148599115685548 0.24629692991140956 0.3754846938775511 21.0 -1.0
-38.1285889981112 4.61808551223702 0.23277908824709562 0.2467895392675047 0.35247448979591844 20.0 -2.0
-36.03616105272635 4.992372436575698 0.23401049897537415 0.24722720338975548 0.33051020408163273 19.0 -2.0
-34.09928968611954 5.380494263695201 0.23517803879743931 0.2476141798281752 0.3095918367346939 18.0 -2.0
-40.735294117647065 40.735294117647065 0.2362797784787461 0.2479545721610193 0.2897193877551021 17.0 -2.0
-34.85294117647059 34.85294117647059 0.2362797784787461 0.2479545721610193 0.24788265306122453 20.0 -20.0
-29.85294117647059 29.85294117647059 0.2362797784787461 0.2479545721610193 0.2123214285714286 17.0 -17.0
-25.73529411764706 25.73529411764706 0.2362797784787461 0.2479545721610193 0.1830357142857143 14.0 -14.0
-22.205882352941178 22.205882352941178 0.2362797784787461 0.2479545721610193 0.15793367346938778 12.0 -12.0
-18.970588235294123 18.970588235294123 0.2362797784787461 0.2479545721610193 0.13492346938775512 11.0 -11.0
-16.323529411764707 16.323529411764707 0.2362797784787461 0.2479545721610193 0.11609693877551022 9.0 -9.0
-13.97058823529412 13.97058823529412 0.2362797784787461 0.2479545721610193 0.0993622448979592 8.0 -8.0
-12.205882352941178 12.205882352941178 0.2362797784787461 0.2479545721610193 0.08681122448979593 6.0 -6.0
-10.441176470588237 10.441176470588237 0.2362797784787461 0.2479545721610193 0.07426020408163267 6.0 -6.0
-8.970588235294121 8.970588235294121 0.2362797784787461 0.2479545721610193 0.06380102040816328 5.0 -5.0
-7.794117647058824 7.794117647058824 0.2362797784787461 0.2479545721610193 0.05543367346938777 4.0 -4.0
0 0 0.2362797784787461 0.2479545721610193 0.049158163265306136 3.0 -3.0
325.2032520325203 -45.630618118320335 0.2362797784787461 0.2479545721610193 0.049158163265306136 0.0 0.0
325.2032520325203 -21.379463285806885 0.22563081701014123 0.24639539741450456 0.2416071428571429 -162.0 22.0
325.20325203252037 6.120957465131551 0.2145822177765897 0.24259175705606315 0.42150510204081637 -162.0 10.0
325.2032520325203 38.05912130281597 0.20347906377383573 0.2364587854817157 0.5878061224489797 -162.0 -3.0
325.2032520325203 75.409140475943 0.19250894199443305 0.2278992142432891 0.737372448979592 -162.0 -19.0
325.2032520325203 119.99431717606122 0.1818807707788826 0.21689582362364054 0.8681122448979594 -162.0 -37.0
325.2032520325203 173.23822929409403 0.1716150082672456 0.2033587270758097 0.975841836734694 -162.0 -59.0
274.2565374176302 198.7180669853501 0.161565438374986 0.18715748113666697 1.0553316326530615 -162.0 -86.0
231.02526957033604 208.11733614691698 0.1529377230590953 0.17119775574185064 1.0950765306122452 -137.0 -99.0
199.27402189651085 208.82162786768293 0.14531359104859726 0.156187396644643 1.1065816326530615 -115.0 -104.0
174.85697372557817 204.66047368446834 0.13829016578729195 0.1422515784325866 1.1013520408163269 -99.0 -104.0
155.38706039540233 197.62065557426286 0.13161576976513184 0.1293459526968852 1.085663265306123 -87.0 -102.0
139.4575624868693 189.03588480634693 0.1252119114023295 0.11751475789945279 1.0636989795918372 -77.0 -98.0
126.16037715903953 179.49190923852362 0.11898382975462082 0.10664150806878582 1.0375510204081637 -69.0 -94.0
114.18799051790829 170.13872445034073 0.11290771664419749 0.09666052242260129 1.0103571428571434 -63.0 -89.0
103.95617516516806 160.41280805932533 0.10697032856574074 0.08750017653020728 0.9810714285714291 -57.0 -85.0
95.33343797119684 150.58041395919778 0.10124344423914274 0.07921644042864108 0.9507397959183679 -51.0 -80.0
87.20967836683712 141.4742190600671 0.09568245066836537 0.07166420221283559 0.9214540816326536 -47.0 -75.0
79.6359158517805 133.0525497376121 0.09033265400466624 0.06482011915352819 0.8932142857142863 -43.0 -70.0
72.95254654230251 124.8394430733634 0.08518401762973074 0.05860347138368341 0.864974489795919 -39.0 -66.0
66.60111763949551 117.25702462534524 0.08021967120159809 0.05293666861633862 0.8377806122448985 -36.0 -62.0
60.61889104832612 110.27489789994786 0.0754712338296887 0.047799440602547594 0.811632653061225 -33.0 -58.0
55.314620451954276 103.44623102402535 0.07091193947669883 0.043118533463603295 0.7854846938775515 -30.0 -55.0
50.50538985040719 97.10063625307862 0.0666194318733544 0.038931721724614995 0.760382653061225 -27.0 -51.0
45.83782815058413 91.31038362862665 0.06250699683062699 0.03511321167029111 0.7363265306122454 -25.0 -48.0
42.01423267544722 85.5195492024991 0.05864936182293434 0.03170035508993952 0.7122704081632658 -22.0 -45.0
37.76603592560254 80.71359774422169 0.054949157999611094 0.028575558867545328 0.6903061224489802 -21.0 -42.0
63.22948155515607 46.902438678862815 0.05147879663645652 0.02577608685096364 0.6672959183673475 -18.0 -40.0
50.264041843193475 52.109702265127886 0.048228774698781646 0.023193407241114197 0.675663265306123 -31.0 -23.0
39.42694848001464 55.65397722334601 0.045168259286946885 0.020742989765550713 0.6746173469387761 -25.0 -26.0
30.841832598476675 57.682751126817124 0.04239742251192243 0.018545826223919797 0.6662500000000006 -19.0 -27.0
23.68956414531234 58.71808056023208 0.03978489323274422 0.016520524417753226 0.6526530612244904 -15.0 -28.0
18.14955461428239 58.571877586598234 0.03732441119448532 0.01467616731041058 0.6338265306122455 -11.0 -29.0
13.19352286558919 58.12491913050978 0.034952597784486394 0.01297082197569116 0.6129081632653067 -9.0 -29.0
9.512035853467426 56.825520243260414 0.03273326709273068 0.011449626994350474 0.5888520408163271 -6.0 -29.0
6.657832565009748 55.118629944728305 0.03067059632425014 0.010109108698743922 0.5637500000000006 -4.0 -28.0
4.106731303305939 53.38599788153241 0.028705908364972107 0.008901304788679077 0.5386479591836741 -3.0 -27.0
1.9045610738603955 51.58260790572039 0.026844483145462998 0.007820401276715376 0.5135459183673476 -2.0 -26.0
0.7748116438598648 49.12838210956032 0.025158314189618957 0.0068982094485294946 0.4873979591836742 0.0 -25.0
-0.48443553695134417 46.939408387346816 0.02351743998600005 0.0060546711578170825 0.4622959183673476 0.0 -24.0
-1.8895515932878832 45.03359132875493 0.021925543012077872 0.005285171294241778 0.43823979591836804 0.0 -23.0
-3.4597458368564533 43.43151289284724 0.020385960739742734 0.004585162016295142 0.41522959183673536 0.0 -22.0
-4.504889746504151 41.58815965359855 0.01897206924484592 0.003981161113432857 0.3922193877551027 1.0 -21.0
-4.938751821607114 39.41791569860381 0.017687396498294518 0.003466982159402182 0.36920918367347 2.0 -20.0
-5.393472333939747 37.409076597291076 0.016463482027522385 0.0030087729998914104 0.3472448979591843 2.0 -19.0
-5.866259260512773 35.559755685470265 0.015302581316368247 0.0026023132370097497 0.3263265306122455 2.0 -18.0
-43.08823529411773 43.08823529411773 0.01420669199816308 0.002243532150734546 0.30645408163265364 2.0 -17.0
-36.91176470588244 36.91176470588244 0.01420669199816308 0.002243532150734546 0.2625255102040822 21.0 -21.0
-31.617647058823607 31.617647058823607 0.01420669199816308 0.002243532150734546 0.2248724489795924 18.0 -18.0
-27.205882352941256 27.205882352941256 0.01420669199816308 0.002243532150734546 0.19349489795918426 15.0 -15.0
-23.382352941176553 23.382352941176553 0.01420669199816308 0.002243532150734546 0.16630102040816386 13.0 -13.0
-20.1470588235295 20.1470588235295 0.01420669199816308 0.002243532150734546 0.1432908163265312 11.0 -11.0
-17.20588235294126 17.20588235294126 0.01420669199816308 0.002243532150734546 0.12237244897959243 10.0 -10.0
-14.852941176470672 14.852941176470672 0.01420669199816308 0.002243532150734546 0.1056377551020414 8.0 -8.0
-12.794117647058904 12.794117647058904 0.01420669199816308 0.002243532150734546 0.09099489795918425 7.0 -7.0
-11.029411764705964 11.029411764705964 0.01420669199816308 0.002243532150734546 0.07844387755102099 6.0 -6.0
-9.558823529411844 9.558823529411844 0.01420669199816308 0.002243532150734546 0.0679846938775516 5.0 -5.0
-8.38235294117655 8.38235294117655 0.01420669199816308 0.002243532150734546 0.059617346938776086 4.0 -4.0
-7.2058823529412575 7.2058823529412575 0.01420669199816308 0.002243532150734546 0.05125000000000057 4.0 -4.0
0 0 0.01420669199816308 0.002243532150734546 0.04497448979591894 3.0 -3.0
-185.81231606378134 325.2032520325203 0.01420669199816308 0.002243532150734546 0.04497448979591894 0.0 0.0
-172.32498044668813 325.2032520325203 0.008846197247317401 0.0027157054120019873 -0.2206887755102036 92.0 -162.0
-157.11248887455622 325.2032520325203 0.0033586791739526455 0.004721185814423106 -0.4800765306122443 86.0 -162.0
-139.79693216661772 325.2032520325203 -0.001950472259304413 0.008397082617754851 -0.7310969387755097 78.0 -162.0
-119.5965313820074 325.2032520325203 -0.006658722755096916 0.013777225753350286 -0.9727040816326529 69.0 -162.0
-95.144137025759 325.2032520325203 -0.010332823003770971 0.020791332316435727 -1.2038520408163267 59.0 -162.0
-64.23829122654212 325.2032520325203 -0.012585456532710385 0.02934015051399514 -1.4224489795918371 47.0 -162.0
-23.014511001132988 325.2032520325203 -0.01305392436967501 0.039322914507410475 -1.6253571428571432 32.0 -162.0
35.1475656995228 325.2032520325203 -0.011376261952778393 0.05080916780561688 -1.8063010204081635 11.0 -162.0
98.94364334687928 257.3059359129069 -0.0071609894613923536 0.06390826236264598 -1.95795918367347 -17.0 -162.0
138.58377833499293 193.7384958288022 -0.0015075284259207893 0.0762850723549675 -2.0405867346938784 -49.0 -128.0
159.89172944267463 151.05296106533686 0.004393801668903278 0.08751305847236845 -2.0688265306122453 -69.0 -96.0
170.25248525874895 121.29169974749435 0.010027355807489507 0.0979255062792061 -2.0646428571428572 -79.0 -75.0
173.02141590971274 100.53095114655972 0.01518238739849077 0.1078087482352347 -2.0384948979591844 -85.0 -60.0
171.84842036818605 84.92504073966896 0.019719330359938107 0.11722804616897549 -2.000841836734695 -86.0 -50.0
168.00500439743655 73.09626526733167 0.023589128265810826 0.12619148713399156 -1.9558673469387768 -85.0 -42.0
162.2631285412996 63.96443525773438 0.026838590244637216 0.1348252361370702 -1.9056632653061243 -84.0 -36.0
155.57153979678222 56.6769426438228 0.02945463910527713 0.14302818611611703 -1.8533673469387768 -81.0 -31.0
149.2485990865613 49.794048738796405 0.03150592873355187 0.15083506621488615 -1.8021173469387772 -77.0 -28.0
142.29167985609885 44.32692119939484 0.03304082929927429 0.15821080138609755 -1.7498214285714297 -74.0 -24.0
135.79859099308018 38.93331218301927 0.03413324796889678 0.16527622312445722 -1.6985714285714302 -71.0 -22.0
129.3753889737646 34.27836834203142 0.03481085325225723 0.17185265662921206 -1.6483673469387767 -67.0 -19.0
123.27982405092672 29.860720093807668 0.035140673015137444 0.1780707906893332 -1.5992091836734703 -64.0 -17.0
116.79013552861275 26.54212717610496 0.03516277707139266 0.18383637331828945 -1.550051020408164 -61.0 -14.0
111.09987442383702 22.879694590808473 0.03492117861291784 0.18928914863921434 -1.5029846938775515 -58.0 -13.0
105.5330053042421 19.694689152571442 0.034461004559195964 0.19434198733669727 -1.4569642857142862 -55.0 -11.0
99.9885227254045 17.097827118402137 0.033823730333933884 0.19898785856311343 -1.4119897959183678 -52.0 -9.0
36.849195115722736 72.58364531241378 0.03303817661285536 0.20329874407155885 -1.3691071428571435 -49.0 -8.0
52.01267534226573 50.232370262183736 0.032244900278675354 0.2073734942749615 -1.3879336734693881 -18.0 -36.0
63.21463499547937 32.38316373800906 0.03152993724227812 0.211228377962858 -1.386887755102041 -26.0 -25.0
71.13687487378436 18.42500949445855 0.030841347816448247 0.21477528039572252 -1.3711989795918367 -31.0 -16.0
76.44726411649522 7.513294839142761 0.030125668516941876 0.2180812007502166 -1.344005102040816 -35.0 -9.0
79.3594868598104 -0.6016070699430743 0.02936087144100699 0.22113887984526015 -1.3073979591836729 -38.0 -3.0
81.42353784969305 -7.617417956185985 0.028521397400696313 0.22401708012516935 -1.2666071428571417 -39.0 0.0
82.50308672135583 -13.40804194855304 0.027608645980899016 0.22671102778358498 -1.2216326530612234 -40.0 3.0
82.44369616319311 -17.82816233088713 0.026626292432214975 0.22921591189188478 -1.172474489795917 -41.0 6.0
81.69087123245329 -21.328474541089992 0.02558272078992541 0.23152820361072868 -1.1212244897959174 -41.0 8.0
79.95635504635527 -23.492605286620808 0.024526508016930557 0.23357837522321934 -1.06892857142857 -40.0 10.0
77.81021271251126 -25.01843778156725 0.02344203483932214 0.23543772300592378 -1.0166326530612224 -39.0 11.0
75.14662147343263 -25.796634811495032 0.022346151036100867 0.2371092612951464 -0.9643367346938758 -38.0 12.0
72.67144140230901 -26.661211048665255 0.021210653695745364 0.23865982548461762 -0.9130867346938754 -37.0 12.0
69.55147126787831 -26.64132181391189 0.020094290670068023 0.2400309562626711 -0.8618367346938758 -36.0 13.0
66.26571818328884 -26.21112556283305 0.019013462760112235 0.24123013000724924 -0.8126785714285694 -34.0 13.0
62.96920455347758 -25.656785629503105 0.017929797097195173 0.24232080639418282 -0.76456632653061 -33.0 13.0
60.259485166891324 -25.5712904727256 0.01685322143796883 0.2433079285956282 -0.7195918367346916 -31.0 12.0
57.55732587291597 -25.371362255698042 0.015792759154804808 0.2441968514316981 -0.6756632653061203 -30.0 12.0
54.55064151387462 -24.602500151283472 0.014817119095729137 0.2449458684375977 -0.633826530612243 -28.0 12.0
83.38235294117625 -83.38235294117625 0.013874234591769953 0.24560969528084722 -0.5930357142857128 -27.0 12.0
71.32352941176443 -71.32352941176443 0.013874234591769953 0.24560969528084722 -0.5072704081632633 -41.0 41.0
61.02941176470554 -61.02941176470554 0.013874234591769953 0.24560969528084722 -0.4340561224489772 -35.0 35.0
52.20588235294089 -52.20588235294089 0.013874234591769953 0.24560969528084722 -0.37130102040816126 -30.0 30.0
44.55882352941151 -44.55882352941151 0.013874234591769953 0.24560969528084722 -0.31691326530612063 -26.0 26.0
38.08823529411738 -38.08823529411738 0.013874234591769953 0.24560969528084722 -0.27089285714285527 -22.0 22.0
32.49999999999967 -32.49999999999967 0.013874234591769953 0.24560969528084722 -0.23114795918367115 -19.0 19.0
27.794117647058496 -27.794117647058496 0.013874234591769953 0.24560969528084722 -0.19767857142856915 -16.0 16.0
23.97058823529375 -23.97058823529375 0.013874234591769953 0.24560969528084722 -0.1704846938775484 -13.0 13.0
20.735294117646685 -20.735294117646685 0.013874234591769953 0.24560969528084722 -0.1474744897959157 -11.0 11.0
17.794117647058467 -17.794117647058467 0.013874234591769953 0.24560969528084722 -0.12655612244897707 -10.0 10.0
15.44117647058782 -15.44117647058782 0.013874234591769953 0.24560969528084722 -0.10982142857142563 -8.0 8.0
13.38235294117602 -13.38235294117602 0.013874234591769953 0.24560969528084722 -0.09517857142856823 -7.0 7.0
11.617647058823065 -11.617647058823065 0.013874234591769953 0.24560969528084722 -0.08262755102040487 -6.0 6.0
10.147058823528956 -10.147058823528956 0.013874234591769953 0.24560969528084722 -0.07216836734693555 -5.0 5.0
8.67647058823485 -8.67647058823485 0.013874234591769953 0.24560969528084722 -0.06170918367346623 -5.0 5.0
7.499999999999589 -7.499999999999589 0.013874234591769953 0.24560969528084722 -0.05334183673469095 -4.0 4.0
0 0 0.013874234591769953 0.24560969528084722 -0.047066326530609714 -3.0 3.0
325.2032520325203 -186.93842776232148 0.013874234591769953 0.24560969528084722 -0.047066326530609714 0.0 0.0
325.2032520325203 -173.46719780420707 0.008589594641088136 0.24515255773887248 0.21964285714285975 -162.0 93.0
325.2032520325203 -158.37592073579208 0.0030999820008394173 0.24315281792829174 0.4790306122449006 -162.0 86.0
325.2032520325203 -141.05414052556065 -0.002147863990198463 0.23952342571402602 0.7310969387755129 -162.0 79.0
325.2032520325203 -120.81299264373126 -0.006802704158252752 0.23419869856046516 0.9737500000000027 -162.0 70.0
325.2032520325203 -96.25830168612659 -0.010430231620712204 0.22724699041989982 1.2059438775510232 -162.0 60.0
325.2032520325203 -65.12896662581096 -0.012641110386013269 0.21876669979117483 1.4255867346938804 -162.0 48.0
325.2032520325203 -23.811766187825867 -0.013078252499574465 0.20878251500547243 1.6284948979591867 -162.0 32.0
325.2032520325203 34.72302468953685 -0.011364557350640236 0.1973015823363839 1.809438775510207 -162.0 11.0
254.2466256505075 98.41309188773741 -0.007108203926650847 0.18421577873397876 1.9610969387755133 -162.0 -17.0
191.01990054011267 137.8749595891239 -0.0014545226118869341 0.17192363540618238 2.0426785714285747 -127.0 -49.0
148.42830731601347 159.3748389050929 0.004398465858710796 0.16084396533647025 2.070918367346942 -95.0 -68.0
119.02850213182369 169.52346469585905 0.010011661360761715 0.15050792451943684 2.0656887755102074 -74.0 -79.0
98.4284187030656 172.39800754161453 0.015105780769215146 0.14076632584580823 2.039540816326534 -59.0 -84.0
83.22836208543443 170.9548943891076 0.019614252928332774 0.1314186439242789 2.0008418367346974 -49.0 -86.0
71.84211327575703 166.7948170928725 0.023448928855550544 0.12252377463936434 1.954821428571432 -41.0 -85.0
62.99920232415525 161.00849904206632 0.026635351695221354 0.11403058406989493 1.904617346938779 -35.0 -83.0
55.31161581238766 154.84201295066222 0.029223791116242046 0.10589951995568878 1.853367346938779 -31.0 -80.0
48.92326687349938 148.15069886555148 0.03125150057819467 0.09816592962920342 1.801071428571432 -27.0 -77.0
43.24525146348829 141.40260058932952 0.03277868588888687 0.09078859311191577 1.748775510204085 -24.0 -74.0
38.23047764016052 134.78427164587734 0.03384038016776926 0.08387400169963309 1.697525510204085 -21.0 -70.0
33.37977342354633 128.55456529268258 0.03451110666915806 0.0772968630723245 1.647321428571432 -19.0 -67.0
29.532870881993503 122.01377350293288 0.03482721913339588 0.07115499259909296 1.597117346938779 -16.0 -64.0
26.04825431484469 115.68397263977623 0.034837262492545505 0.06538937634655222 1.5479591836734727 -14.0 -61.0
22.089749322685655 110.41870363310632 0.03459063287832387 0.06001378099385975 1.5019387755102074 -13.0 -57.0
18.69472168261678 105.06192234318783 0.03412517422046721 0.054961426364548156 1.455918367346942 -11.0 -55.0
15.867838908111102 99.7489952347188 0.03348304114261457 0.05031622421599181 1.4109438775510237 -9.0 -52.0
71.86807941244781 36.22958600364557 0.032704625420337904 0.04608218430553838 1.3670153061224521 -7.0 -49.0
49.99985813024598 51.03898369250919 0.03191558473016698 0.04208494195238044 1.3847959183673502 -35.0 -18.0
32.77000633969724 61.87397051002811 0.031217041520003982 0.03838340380599316 1.3837500000000031 -24.0 -25.0
18.835578102746066 69.89147660167359 0.03053402814948459 0.03491374145956927 1.369107142857146 -16.0 -30.0
7.975389015405907 75.26984994476828 0.029829546444127726 0.031684056928931253 1.3429591836734724 -9.0 -34.0
-0.05599442347782732 78.21911372094506 0.02908184301715728 0.02870134598328187 1.3073979591836766 -3.0 -37.0
-7.148215816788465 80.35404154081235 0.02824236897684661 0.025823145703372654 1.266607142857146 0.0 -39.0
-13.029757748161401 81.51982258832896 0.027329617557049327 0.023129198044957028 1.2216326530612276 3.0 -40.0
-17.309410881356563 81.4442153226137 0.026376603907991757 0.020695383334012503 1.1735204081632684 6.0 -40.0
-20.62583103658732 80.63320202333435 0.02536817466493973 0.018451576198415167 1.1233163265306154 8.0 -40.0
-22.845383359740797 78.95136775741676 0.024316252823985647 0.016399199648406915 1.0710204081632684 10.0 -40.0
-24.433598741045166 76.86539018000558 0.023235671468242763 0.014537587394573998 1.0187244897959213 11.0 -39.0
-25.280968140145514 74.26924377023022 0.02214328664534114 0.012863760354168034 0.9664285714285744 12.0 -38.0
-26.22478595136467 71.87197732989966 0.02101103531409408 0.011310824283843737 0.9151785714285744 12.0 -37.0
-25.932438342391166 68.61327831726732 0.019946642805528225 0.009996520228379827 0.8649744897959213 13.0 -35.0
-26.537050544686636 66.2268308536417 0.018818953348530978 0.008736106387184302 0.8168622448979621 12.0 -34.0
-26.150223819914444 63.099886874565016 0.01773986018991965 0.007640905855300655 0.7687500000000029 13.0 -33.0
-25.227299800960072 59.69183023921758 0.01672337661801262 0.006702010115325697 0.7227295918367376 13.0 -31.0
-24.688687850095942 56.78987339771163 0.015724908919655552 0.005858811134679643 0.679846938775513 12.0 -29.0
-23.937759730945224 53.80090195561191 0.01475241103237604 0.005105718936315535 0.6380102040816354 12.0 -28.0
-84.26470588235333 84.26470588235333 0.013813010949304384 0.0044369702917935695 0.5993112244897987 11.0 -26.0
-71.91176470588275 71.91176470588275 0.013813010949304384 0.0044369702917935695 0.5114540816326558 42.0 -42.0
-61.61764705882391 61.61764705882391 0.013813010949304384 0.0044369702917935695 0.4382397959183701 35.0 -35.0
-52.79411764705922 52.79411764705922 0.013813010949304384 0.0044369702917935695 0.3754846938775538 30.0 -30.0
-45.1470588235298 45.1470588235298 0.013813010949304384 0.0044369702917935695 0.321096938775513 26.0 -26.0
-38.67647058823568 38.67647058823568 0.013813010949304384 0.0044369702917935695 0.2750765306122477 22.0 -22.0
-33.088235294118036 33.088235294118036 0.013813010949304384 0.0044369702917935695 0.235331632653064 19.0 -19.0
-28.382352941176855 28.382352941176855 0.013813010949304384 0.0044369702917935695 0.20186224489796195 16.0 -16.0
-24.264705882353326 24.264705882353326 0.013813010949304384 0.0044369702917935695 0.17257653061224765 14.0 -14.0
-20.735294117647445 20.735294117647445 0.013813010949304384 0.0044369702917935695 0.14747448979592112 12.0 -12.0
-17.794117647059213 17.794117647059213 0.013813010949304384 0.0044369702917935695 0.12655612244898234 10.0 -10.0
-15.44117647058862 15.44117647058862 0.013813010949304384 0.0044369702917935695 0.10982142857143132 8.0 -8.0
-13.382352941176855 13.382352941176855 0.013813010949304384 0.0044369702917935695 0.09517857142857417 7.0 -7.0
-11.617647058823914 11.617647058823914 0.013813010949304384 0.0044369702917935695 0.0826275510204109 6.0 -6.0
-10.147058823529798 10.147058823529798 0.013813010949304384 0.0044369702917935695 0.07216836734694151 5.0 -5.0
-8.676470588235679 8.676470588235679 0.013813010949304384 0.0044369702917935695 0.061709183673472126 5.0 -5.0
-7.500000000000385 7.500000000000385 0.013813010949304384 0.0044369702917935695 0.05334183673469661 4.0 -4.0
0 0 0.013813010949304384 0.0044369702917935695 0.04706632653061498 3.0 -3.0
325.2032520325203 -325.2032520325203 0.013813010949304384 0.0044369702917935695 0.04706632653061498 0.0 0.0
325.2032520325203 -325.2032520325203 0.013813010949304384 0.0044369702917935695 0.3859438775510232 -162.0 162.0
277.71520803443286 -277.71520803443286 0.013813010949304384 0.0044369702917935695 0.7248214285714314 -162.0 162.0
237.12697274031524 -237.12697274031524 0.013813010949304384 0.0044369702917935695 1.0134948979591865 -138.0 138.0
202.4210903873741 -202.4210903873741 0.013813010949304384 0.0044369702917935695 1.260331632653064 -118.0 118.0
172.7152080344329 -172.7152080344329 0.013813010949304384 0.0044369702917935695 1.4716071428571458 -101.0 101.0
147.42109038737405 -147.42109038737405 0.013813010949304384 0.0044369702917935695 1.6515051020408194 -86.0 86.0
125.95050215207996 -125.95050215207996 0.013813010949304384 0.0044369702917935695 1.8042091836734724 -73.0 73.0
107.71520803443289 -107.71520803443289 0.013813010949304384 0.0044369702917935695 1.9339030612244927 -62.0 62.0
92.12697274031525 -92.12697274031525 0.013813010949304384 0.0044369702917935695 2.0447704081632683 -53.0 53.0
78.59756097560935 -78.59756097560935 0.013813010949304384 0.0044369702917935695 2.1409948979591866 -46.0 46.0
67.12697274031522 -67.12697274031522 0.013813010949304384 0.0044369702917935695 2.222576530612248 -39.0 39.0
57.421090387374036 -57.421090387374036 0.013813010949304384 0.0044369702917935695 2.291607142857146 -33.0 33.0
49.18579626972696 -49.18579626972696 0.013813010949304384 0.0044369702917935695 2.350178571428575 -28.0 28.0
42.126972740315196 -42.126972740315196 0.013813010949304384 0.0044369702917935695 2.4003826530612278 -24.0 24.0
35.95050215207992 -35.95050215207992 0.013813010949304384 0.0044369702917935695 2.444311224489799 -21.0 21.0
30.950502152079903 -30.950502152079903 0.013813010949304384 0.0044369702917935695 2.479872448979595 -17.0 17.0
26.538737446197583 -26.538737446197583 0.013813010949304384 0.0044369702917935695 2.511250000000003 -15.0 15.0
22.715208034432887 -22.715208034432887 0.013813010949304384 0.0044369702917935695 2.5384438775510234 -13.0 13.0
19.479913916785826 -19.479913916785826 0.013813010949304384 0.0044369702917935695 2.561454081632656 -11.0 11.0
16.832855093256395 -16.832855093256395 0.013813010949304384 0.0044369702917935695 2.580280612244901 -9.0 9.0
14.47991391678581 -14.47991391678581 0.013813010949304384 0.0044369702917935695 2.597015306122452 -8.0 8.0
12.42109038737407 -12.42109038737407 0.013813010949304384 0.0044369702917935695 2.611658163265309 -7.0 7.0
10.656384505021116 -10.656384505021116 0.013813010949304384 0.0044369702917935695 2.6242091836734724 -6.0 6.0
9.185796269727009 -9.185796269727009 0.013813010949304384 0.0044369702917935695 2.6346683673469418 -5.0 5.0
8.009325681491683 -8.009325681491683 0.013813010949304384 0.0044369702917935695 2.6430357142857175 -4.0 4.0
0 0 0.013813010949304384 0.0044369702917935695 2.651403061224493 -4.0 4.0
131.01099010559412 -131.01099010559412 0.013813010949304384 0.0044369702917935695 2.651403061224493 0.0 0.0
111.8933430467706 -111.8933430467706 0.013813010949304384 0.0044369702917935695 2.7873724489795952 -65.0 65.0
95.71687245853528 -95.71687245853528 0.013813010949304384 0.0044369702917935695 2.9024234693877586 -55.0 55.0
81.89334304677048 -81.89334304677048 0.013813010949304384 0.0044369702917935695 3.000739795918371 -47.0 47.0
70.12863716441761 -70.12863716441761 0.013813010949304384 0.0044369702917935695 3.084413265306126 -40.0 40.0
59.8345195173588 -59.8345195173588 0.013813010949304384 0.0044369702917935695 -3.1255577561591745 -35.0 35.0
51.305107752652944 -51.305107752652944 0.013813010949304384 0.0044369702917935695 -3.064894490853052 -29.0 29.0
43.952166576182336 -43.952166576182336 0.013813010949304384 0.0044369702917935695 -3.012598572485705 -25.0 25.0
37.77569598794706 -37.77569598794706 0.013813010949304384 0.0044369702917935695 -2.968670001057134 -21.0 21.0
32.48157834088826 -32.48157834088826 0.013813010949304384 0.0044369702917935695 -2.931016939832644 -18.0 18.0
27.775695987947092 -27.775695987947092 0.013813010949304384 0.0044369702917935695 -2.897547552077542 -16.0 16.0
23.952166576182393 -23.952166576182393 0.013813010949304384 0.0044369702917935695 -2.870353674526522 -13.0 13.0
20.71687245853533 -20.71687245853533 0.013813010949304384 0.0044369702917935695 -2.8473434704448892 -11.0 11.0
17.775695987947117 -17.775695987947117 0.013813010949304384 0.0044369702917935695 -2.8264251030979506 -10.0 10.0
15.422754811476532 -15.422754811476532 0.013813010949304384 0.0044369702917935695 -2.8096904092203996 -8.0 8.0
13.363931282064794 -13.363931282064794 0.013813010949304384 0.0044369702917935695 -2.7950475520775426 -7.0 7.0
11.599225399711838 -11.599225399711838 0.013813010949304384 0.0044369702917935695 -2.7824965316693793 -6.0 6.0
10.128637164417729 -10.128637164417729 0.013813010949304384 0.0044369702917935695 -2.77203734799591 -5.0 5.0
8.658048929123622 -8.658048929123622 0.013813010949304384 0.0044369702917935695 -2.7615781643224406 -5.0 5.0
7.481578340888297 -7.481578340888297 0.013813010949304384 0.0044369702917935695 -2.753210817383665 -4.0 4.0
0 0 0.013813010949304384 0.0044369702917935695 -2.7469353071795832 -3.0 3.0
-117.57890961262599 117.57890961262599 0.013813010949304384 0.0044369702917935695 -2.7469353071795832 0.0 0.0
-100.52008608321414 100.52008608321414 0.013813010949304384 0.0044369702917935695 -2.8682618377918283 58.0 -58.0
-85.81420373027294 85.81420373027294 0.013813010949304384 0.0044369702917935695 -2.9728536745265224 50.0 -50.0
-73.46126255380238 73.46126255380238 0.013813010949304384 0.0044369702917935695 -3.060710817383665 42.0 -42.0
-62.87302725968479 62.87302725968479 0.013813010949304384 0.0044369702917935695 -3.1360169398326447 36.0 -36.0
-53.75538020086116 53.75538020086116 0.013813010949304384 0.0044369702917935695 3.082321428571431 31.0 -31.0
-46.10832137733177 46.10832137733177 0.013813010949304384 0.0044369702917935695 3.0279336734693905 26.0 -26.0
-39.3436154949788 39.3436154949788 0.013813010949304384 0.0044369702917935695 2.979821428571431 23.0 -23.0
-33.755380200861154 33.755380200861154 0.013813010949304384 0.0044369702917935695 2.9400765306122474 19.0 -19.0
-29.04949784791999 29.04949784791999 0.013813010949304384 0.0044369702917935695 2.9066071428571454 16.0 -16.0
-24.931850789096448 24.931850789096448 0.013813010949304384 0.0044369702917935695 2.877321428571431 14.0 -14.0
-21.40243902439054 21.40243902439054 0.013813010949304384 0.0044369702917935695 2.8522193877551043 12.0 -12.0
-18.461262553802317 18.461262553802317 0.013813010949304384 0.0044369702917935695 2.8313010204081657 10.0 -10.0
-15.814203730272892 15.814203730272892 0.013813010949304384 0.0044369702917935695 2.8124744897959206 9.0 -9.0
-13.755380200861149 13.755380200861149 0.013813010949304384 0.0044369702917935695 2.7978316326530637 7.0 -7.0
-11.990674318508196 11.990674318508196 0.013813010949304384 0.0044369702917935695 2.7852806122449003 6.0 -6.0
-10.520086083214089 10.520086083214089 0.013813010949304384 0.0044369702917935695 2.774821428571431 5.0 -5.0
-9.04949784791998 9.04949784791998 0.013813010949304384 0.0044369702917935695 2.7643622448979617 5.0 -5.0
-7.8730272596846556 7.8730272596846556 0.013813010949304384 0.0044369702917935695 2.755994897959186 4.0 -4.0
0 0 0.013813010949304384 0.0044369702917935695 2.7497193877551043 3.0 -3.0
-325.2032520325203 325.2032520325203 0.013813010949304384 0.0044369702917935695 2.7497193877551043 0.0 0.0
-325.2032520325203 325.2032520325203 0.013813010949304384 0.0044369702917935695 2.410841836734696 162.0 -162.0
-291.32352941176504 291.32352941176504 0.013813010949304384 0.0044369702917935695 2.071964285714288 162.0 -162.0
-248.67647058823562 248.67647058823562 0.013813010949304384 0.0044369702917935695 1.768647959183676 145.0 -145.0
-212.20588235294147 212.20588235294147 0.013813010949304384 0.0044369702917935695 1.509260204081635 124.0 -124.0
-181.0294117647062 181.0294117647062 0.013813010949304384 0.0044369702917935695 1.287525510204084 106.0 -106.0
-154.55882352941205 154.55882352941205 0.013813010949304384 0.0044369702917935695 1.0992602040816348 90.0 -90.0
-131.91176470588266 131.91176470588266 0.013813010949304384 0.0044369702917935695 0.9381887755102063 77.0 -77.0
-112.79411764705912 112.79411764705912 0.013813010949304384 0.0044369702917935695 0.8022193877551043 65.0 -65.0
-96.32352941176501 96.32352941176501 0.013813010949304384 0.0044369702917935695 0.685076530612247 56.0 -56.0
-82.20588235294149 82.20588235294149 0.013813010949304384 0.0044369702917935695 0.5846683673469409 48.0 -48.0
-70.14705882352972 70.14705882352972 0.013813010949304384 0.0044369702917935695 0.49890306122449196 41.0 -41.0
-59.852941176470885 59.852941176470885 0.013813010949304384 0.0044369702917935695 0.42568877551020623 35.0 -35.0
-51.323529411765016 51.323529411765016 0.013813010949304384 0.0044369702917935695 0.3650255102040838 29.0 -29.0
-43.97058823529442 43.97058823529442 0.013813010949304384 0.0044369702917935695 0.3127295918367369 25.0 -25.0
-37.794117647059124 37.794117647059124 0.013813010949304384 0.0044369702917935695 0.26880102040816545 21.0 -21.0
-32.500000000000306 32.500000000000306 0.013813010949304384 0.0044369702917935695 0.23114795918367564 18.0 -18.0
-27.794117647059128 27.794117647059128 0.013813010949304384 0.0044369702917935695 0.1976785714285736 16.0 -16.0
-23.970588235294425 23.970588235294425 0.013813010949304384 0.0044369702917935695 0.1704846938775532 13.0 -13.0
-20.73529411764736 20.73529411764736 0.013813010949304384 0.0044369702917935695 0.14747448979592054 11.0 -11.0
-17.794117647059128 17.794117647059128 0.013813010949304384 0.0044369702917935695 0.12655612244898176 10.0 -10.0
-15.441176470588537 15.441176470588537 0.013813010949304384 0.0044369702917935695 0.10982142857143073 8.0 -8.0
-13.382352941176771 13.382352941176771 0.013813010949304384 0.0044369702917935695 0.09517857142857358 7.0 -7.0
-11.617647058823835 11.617647058823835 0.013813010949304384 0.0044369702917935695 0.08262755102041032 6.0 -6.0
-10.147058823529715 10.147058823529715 0.013813010949304384 0.0044369702917935695 0.07216836734694093 5.0 -5.0
-8.676470588235597 8.676470588235597 0.013813010949304384 0.0044369702917935695 0.06170918367347154 5.0 -5.0
-7.500000000000302 7.500000000000302 0.013813010949304384 0.0044369702917935695 0.05334183673469603 4.0 -4.0
0 0 0.013813010949304384 0.0044369702917935695 0.0470663265306144 3.0 -3.0
-92.13195724316208 325.2032520325203 0.013813010949304384 0.0044369702917935695 0.0470663265306144 0.0 0.0
-61.92320753453808 325.2032520325203 0.00491248458605514 0.004986912749788231 -0.17048469387754928 46.0 -162.0
-21.14470552111287 325.2032520325203 -0.00486496002865245 0.007702300946036712 -0.37130102040816126 30.0 -162.0
37.692094763317115 325.2032520325203 -0.015328840866911329 0.012902918486552327 -0.5511989795918346 10.0 -162.0
121.9554528474778 307.40416104328915 -0.0265383445943862 0.02101608263093687 -0.701811224489794 -18.0 -162.0
185.11051686015216 224.11069583435747 -0.03851430855119703 0.03218283882715575 -0.7990816326530599 -60.0 -153.0
220.94747629805624 171.85198737550093 -0.04933258228492228 0.04353650606167476 -0.8199999999999985 -92.0 -112.0
239.15328326217093 139.44184728091835 -0.05970192163153967 0.054362199545480654 -0.7938520408163248 -110.0 -85.0
247.39945337409765 118.12645710502414 -0.07010059721021297 0.06439924604629471 -0.7415561224489782 -119.0 -69.0
249.9629451302643 103.05439514313753 -0.08072845729759527 0.0734988980465377 -0.6746173469387742 -123.0 -59.0
248.45202476590794 92.40136607269532 -0.09154767430096751 0.08149459161867802 -0.5982653061224479 -124.0 -51.0
244.73096954726591 84.00728051428318 -0.10263773614223487 0.08840854525747006 -0.5166836734693865 -124.0 -46.0
239.82363605001066 76.85781005910033 -0.11385037653363074 0.09417272357733819 -0.43301020408163104 -122.0 -42.0
233.9000120837971 70.84137763779295 -0.12501046350135336 0.09876862085246223 -0.3482908163265286 -119.0 -38.0
227.53298824130712 65.31832754527476 -0.13607958761374156 0.10226476979096175 -0.2635714285714261 -116.0 -35.0
220.68995228748364 60.343383343267824 -0.14695483886917235 0.1047105278323215 -0.17885204081632367 -113.0 -32.0
214.0061353176249 55.23257386572576 -0.15761647356358294 0.10618054548287566 -0.09517857142856823 -110.0 -30.0
206.82443509607762 50.75941703178399 -0.1679030716994115 0.10672977253471193 -0.011505102040812787 -107.0 -27.0
200.00729409825217 46.10006154524912 -0.17773885234792483 0.1064416422962254 0.07007653061224844 -103.0 -25.0
193.3377007688025 41.42704542510072 -0.18713697043711044 0.10540038319189672 0.15061224489796274 -100.0 -23.0
186.3321514874847 37.44278244240363 -0.1958933911634422 0.10371310659528675 0.23010204081633007 -96.0 -20.0
179.39771553359947 33.58340866000166 -0.2041189054722526 0.10144261400089657 0.30854591836735046 -93.0 -18.0
172.71674734090038 29.801637860282213 -0.2117104369434077 0.09869965648425749 0.384897959183677 -89.0 -16.0
166.05697959836186 26.26523340554791 -0.21872178876298262 0.09554710166123802 0.4602040816326566 -86.0 -14.0
160.11601845845405 22.20840228429004 -0.22520959752235034 0.09202961143355132 0.5334183673469424 -83.0 -13.0
154.18967947947127 18.4707622320996 -0.23110109820439417 0.08825747823679088 0.6055867346938811 -80.0 -11.0
148.2175082203338 15.136341177606102 -0.23639941790857585 0.08430318501615332 0.676709183673473 -77.0 -9.0
142.1239168289017 12.302763184357424 -0.24111454261023732 0.08023605195791599 0.7467857142857179 -74.0 -7.0
136.59912531849778 9.194588169394196 -0.24531946611174388 0.07606980439720828 0.814770408163269 -71.0 -6.0
130.84546758668873 6.744469744640228 -0.24897978668318496 0.07191790383068633 0.8817091836734731 -68.0 -4.0
125.5454391264922 4.176822377263138 -0.2521710592400259 0.0677775492905589 0.9465561224489832 -65.0 -3.0
120.66641027141658 1.5467058979208206 -0.2549200474208883 0.0636971738199093 1.0093112244897995 -62.0 -2.0
115.2400477436905 -0.16309039305684572 -0.2572522479652996 0.0597177270153085 1.0720663265306158 -60.0 0.0
26.106059996354645 82.10506749146194 -0.2592325238067365 0.0558088478783376 1.1316836734693914 -57.0 0.0
50.212106243970894 51.62918769417848 -0.26105219974081356 0.05207767432870999 1.102397959183677 -13.0 -41.0
67.61615876179046 28.606705307437014 -0.2627874904307244 0.0486479250253339 1.102397959183677 -25.0 -25.0
80.47394901480857 10.64505770988025 -0.26438654965184144 0.045407912390638544 1.1222704081632688 -33.0 -14.0
89.52749076221097 -3.1939209604117975 -0.26582936120875794 0.04226377972774831 1.1588775510204117 -40.0 -5.0
96.18593813602331 -14.380363219674086 -0.26708118407056175 0.03920435230365563 1.2059438775510238 -44.0 1.0
100.16121255447231 -22.671302482146377 -0.26812066643448357 0.03622882000997765 1.2634693877551055 -48.0 7.0
102.38085029274994 -29.027483426084935 -0.2689360284688448 0.033343696395893276 1.327270408163269 -50.0 11.0
103.24828859254785 -33.869852303556975 -0.2695276689813219 0.030561533452314875 1.39525510204082 -51.0 14.0
103.20505404949581 -37.64731526095513 -0.2699044671614299 0.027897422714734266 1.4653316326530648 -51.0 16.0
102.11614896158225 -40.22702344604343 -0.27008033566958534 0.025366651086660294 1.5375000000000036 -51.0 18.0
99.83073119303695 -41.45890732935589 -0.27007119932633317 0.022983543600025046 1.6117602040816363 -51.0 20.0
97.41321488401252 -42.40091382207555 -0.2698996002033682 0.02076078256212137 1.6839285714285752 -49.0 20.0
94.17647214301628 -42.35656764787174 -0.26959103091297515 0.01870822217722368 1.756096938775514 -48.0 21.0
90.97872547319203 -42.29491789950433 -0.2691531635393453 0.016758023796132535 1.827219387755106 -47.0 21.0
87.41726025550149 -41.68320860576657 -0.2686239229211261 0.014990559689558683 1.896250000000004 -45.0 21.0
84.41709955806706 -41.55868195799188 -0.2680037063221487 0.013334782716057137 1.9621428571428612 -43.0 20.0
81.40328477439539 -41.33811423627015 -0.2673082645043918 0.011793131899362569 2.0269897959183716 -42.0 20.0
77.90313749852206 -40.41469027639343 -0.2665879744545871 0.010434791553884932 2.089744897959188 -40.0 20.0
73.77862367406915 -38.64241723459776 -0.2658655553185879 0.009254590446258683 2.1504081632653103 -38.0 20.0
69.97363662628258 -37.08844314226032 -0.26511863124581375 0.008182197470183457 2.207933673469392 -36.0 19.0
66.49075613588683 -35.74877822179144 -0.26436029599542704 0.007213782451701754 2.2623214285714326 -34.0 18.0
116.05093256814864 -116.05093256814864 -0.2635514068122196 0.006287176662118082 2.3146173469387796 -33.0 17.0
98.99210903873686 -98.99210903873686 -0.2635514068122196 0.006287176662118082 2.4359438775510247 -58.0 58.0
84.58034433285451 -84.58034433285451 -0.2635514068122196 0.006287176662118082 2.5384438775510247 -49.0 49.0
72.22740315638394 -72.22740315638394 -0.2635514068122196 0.006287176662118082 2.6263010204081674 -42.0 42.0
61.639167862266284 -61.639167862266284 -0.2635514068122196 0.006287176662118082 2.701607142857147 -36.0 36.0
52.815638450501574 -52.815638450501574 -0.2635514068122196 0.006287176662118082 2.7643622448979634 -30.0 30.0
45.16857962697218 -45.16857962697218 -0.2635514068122196 0.006287176662118082 2.818750000000004 -26.0 26.0
38.69799139167805 -38.69799139167805 -0.2635514068122196 0.006287176662118082 2.8647704081632694 -22.0 22.0
33.109756097560414 -33.109756097560414 -0.2635514068122196 0.006287176662118082 2.904515306122453 -19.0 19.0
28.403873744619244 -28.403873744619244 -0.2635514068122196 0.006287176662118082 2.937984693877555 -16.0 16.0
24.2862266857957 -24.2862266857957 -0.2635514068122196 0.006287176662118082 2.9672704081632695 -14.0 14.0
20.75681492108979 -20.75681492108979 -0.2635514068122196 0.006287176662118082 2.992372448979596 -12.0 12.0
17.815638450501574 -17.815638450501574 -0.2635514068122196 0.006287176662118082 3.013290816326535 -10.0 10.0
15.46269727403099 -15.46269727403099 -0.2635514068122196 0.006287176662118082 3.030025510204086 -8.0 8.0
13.403873744619252 -13.403873744619252 -0.2635514068122196 0.006287176662118082 3.044668367346943 -7.0 7.0
11.639167862266296 -11.639167862266296 -0.2635514068122196 0.006287176662118082 3.057219387755106 -6.0 6.0
10.168579626972189 -10.168579626972189 -0.2635514068122196 0.006287176662118082 3.0676785714285755 -5.0 5.0
8.697991391678078 -8.697991391678078 -0.2635514068122196 0.006287176662118082 3.078137755102045 -5.0 5.0
7.5215208034427565 -7.5215208034427565 -0.2635514068122196 0.006287176662118082 3.0865051020408205 -4.0 4.0
0 0 -0.2635514068122196 0.006287176662118082 3.092780612244902 -3.0 3.0
259.55254561694795 244.7542708888549 -0.2635514068122196 0.006287176662118082 3.092780612244902 0.0 0.0
238.95891584426695 228.44517025346326 -0.2442754469100419 0.005416249575466916 3.100102040816331 -129.0 -122.0
220.36651750818953 212.77802273871396 -0.22637710557471324 0.004720086189694189 3.1053316326530656 -119.0 -114.0
203.31388411115606 198.06899184367302 -0.20978179807560168 0.004152817285265337 3.109515306122453 -110.0 -106.0
188.22639487545965 183.74672048869093 -0.1944142001565756 0.0036757856310276377 3.1116071428571472 -101.0 -99.0
173.72272132225368 171.0458395396076 -0.18019806688806708 0.0032717022143542137 3.114744897959188 -94.0 -91.0
161.07000692372094 158.55240055246432 -0.1670569965506217 0.0029256862798396435 3.115790816326535 -86.0 -85.0
149.28284241485972 146.95797317998534 -0.15483777676357302 0.0026167323003814225 3.116836734693882 -80.0 -79.0
138.3578724498812 136.26592335366564 -0.14354046967001408 0.0023429115114556465 3.117882653061229 -74.0 -73.0
128.14914577671414 126.32810371114056 -0.13301142571594363 0.002098730371976577 3.118928571428576 -69.0 -68.0
118.65341638231425 117.14777065616363 -0.1232506937032795 0.001882581482137346 3.119974489795923 -64.0 -63.0
109.86718146712577 108.72843777045655 -0.11425831991194 0.001692857373348969 3.12102040816327 -59.0 -58.0
102.17983497022448 100.53371516822203 -0.10595757673072047 0.0015220683531009228 3.12102040816327 -54.0 -54.0
94.56512340229717 93.29574458875823 -0.09819476221641434 0.0013664086052436208 3.122066326530617 -51.0 -50.0
87.510529411281 86.67405899037115 -0.0910466780972798 0.0012305545791651215 3.123112244897964 -47.0 -46.0
81.40572814324173 80.13196956124965 -0.08443655702039843 0.0011083829316006404 3.123112244897964 -43.0 -43.0
75.76000634372362 74.0131673662004 -0.07828760718143901 0.0009947348873546114 3.123112244897964 -40.0 -40.0
70.57340347463179 68.31761297371553 -0.07259982858040155 0.0008896104464270347 3.123112244897964 -37.0 -37.0
65.31164492301953 63.43249080962863 -0.0672963088083032 0.0007943625194845258 3.124158163265311 -35.0 -34.0
60.46094770440475 59.01861238994208 -0.06245387635839499 0.0007124617642928967 3.125204081632658 -32.0 -31.0
55.2755193714848 55.52766311529266 -0.057918822194896205 0.0006405043132728902 3.126250000000005 -30.0 -29.0
51.444490788679275 51.41759374043395 -0.0537680607812497 0.0005768156213149456 3.126250000000005 -27.0 -27.0
47.91793448837883 47.591293202525 -0.049924763176021465 0.0005178446102427747 3.126250000000005 -25.0 -25.0
44.69544315717499 44.04916858584928 -0.046388929379211484 0.0004635912800563774 3.126250000000005 -23.0 -23.0
41.63765833467064 40.63646503582262 -0.04300682748661063 0.000411696790312867 3.126250000000005 -22.0 -22.0
38.883948175757936 37.50792771804872 -0.03993218940242804 0.00036451998145513027 3.126250000000005 -20.0 -20.0
36.05339765499387 34.89739665402848 -0.037088126742283664 0.00032236875611710384 3.127295918367352 -19.0 -18.0
33.35345740488784 32.45034974589361 -0.03439775696677419 0.00028530986177186245 3.128341836734699 -18.0 -17.0
31.16157803540727 29.936409020820278 -0.031937972932115366 0.0002527138062196416 3.128341836734699 -16.0 -16.0
0 0 -0.029708778507225527 0.000224339404638989 3.129387755102046 -15.0 -14.0
0 0 -0.029708778507225527 0.000224339404638989 3.129387755102046 0.0 0.0
0 0 -0.029708778507225527 0.000224339404638989 3.129387755102046 0.0 0.0
0 0 -0.029708778507225527 0.000224339404638989 3.129387755102046 0.0 0.0
0 0 -0.029708778507225527 0.000224339404638989 3.129387755102046 0.0 0.0
0 0 -0.029708778507225527 0.000224339404638989 3.129387755102046 0.0 0.0
0 0 -0.029708778507225527 0.000224339404638989 3.129387755102046 0.0 0.0
0 0 -0.029708778507225527 0.000224339404638989 3.129387755102046 0.0 0.0
0 0 -0.029708778507225527 0.000224339404638989 3.129387755102046 0.0 0.0
0 0 -0.029708778507225527 0.000224339404638989 3.129387755102046 0.0 0.0
0 0 -0.029708778507225527 0.000224339404638989 3.129387755102046 0.0 0.0
0 0 -0.029708778507225527 0.000224339404638989 3.129387755102046 0.0 0.0
0 0 -0.029708778507225527 0.000224339404638989 3.129387755102046 0.0 0.0
0 0 -0.029708778507225527 0.000224339404638989 3.129387755102046 0.0 0.0
0 0 -0.029708778507225527 0.000224339404638989 3.129387755102046 0.0 0.0
0 0 -0.029708778507225527 0.000224339404638989 3.129387755102046 0.0 0.0
0 0 -0.029708778507225527 0.000224339404638989 3.129387755102046 0.0 0.0
0 0 -0.029708778507225527 0.000224339404638989 3.129387755102046 0.0 0.0
0 0 -0.029708778507225527 0.000224339404638989 3.129387755102046 0.0 0.0
0 0 -0.029708778507225527 0.000224339404638989 3.129387755102046 0.0 0.0
0 0 -0.029708778507225527 0.000224339404638989 3.129387755102046 0.0 0.0
0 0 -0.029708778507225527 0.000224339404638989 3.129387755102046 0.0 0.0
0 0 -0.029708778507225527 0.000224339404638989 3.129387755102046 0.0 0.0
0 0 -0.029708778507225527 0.000224339404638989 3.129387755102046 0.0 0.0
0 0 -0.029708778507225527 0.000224339404638989 3.129387755102046 0.0 0.0
0 0 -0.029708778507225527 0.000224339404638989 3.129387755102046 0.0 0.0
0 0 -0.029708778507225527 0.000224339404638989 3.129387755102046 0.0 0.0
0 0 -0.029708778507225527 0.000224339404638989 3.129387755102046 0.0 0.0
0 0 -0.029708778507225527 0.000224339404638989 3.129387755102046 0.0 0.0
0 0 -0.029708778507225527 0.000224339404638989 3.129387755102046 0.0 0.0
0 0 -0.029708778507225527 0.000224339404638989 3.129387755102046 0.0 0.0
0 0 -0.029708778507225527 0.000224339404638989 3.129387755102046 0.0 0.0
0 0 -0.029708778507225527 0.000224339404638989 3.129387755102046 0.0 0.0
0 0 -0.029708778507225527 0.000224339404638989 3.129387755102046 0.0 0.0
0 0 -0.029708778507225527 0.000224339404638989 3.129387755102046 0.0 0.0
0 0 -0.029708778507225527 0.000224339404638989 3.129387755102046 0.0 0.0
0 0 -0.029708778507225527 0.000224339404638989 3.129387755102046 0.0 0.0
0 0 -0.029708778507225527 0.000224339404638989 3.129387755102046 0.0 0.0
0 0 -0.029708778507225527 0.000224339404638989 3.129387755102046 0.0 0.0
0 0 -0.029708778507225527 0.000224339404638989 3.129387755102046 0.0 0.0
0 0 -0.029708778507225527 0.000224339404638989 3.129387755102046 0.0 0.0
0 0 -0.029708778507225527 0.000224339404638989 3.129387755102046 0.0 0.0
0 0 -0.029708778507225527 0.000224339404638989 3.129387755102046 0.0 0.0
0 0 -0.029708778507225527 0.000224339404638989 3.129387755102046 0.0 0.0
0 0 -0.029708778507225527 0.000224339404638989 3.129387755102046 0.0 0.0
0 0 -0.029708778507225527 0.000224339404638989 3.129387755102046 0.0 0.0
0 0 -0.029708778507225527 0.000224339404638989 3.129387755102046 0.0 0.0
0 0 -0.029708778507225527 0.000224339404638989 3.129387755102046 0.0 0.0
0 0 -0.029708778507225527 0.000224339404638989 3.129387755102046 0.0 0.0
0 0 -0.029708778507225527 0.000224339404638989 3.129387755102046 0.0 0.0
0 0 -0.029708778507225527 0.000224339404638989 3.129387755102046 0.0 0.0
0 0 -0.029708778507225527 0.000224339404638989 3.129387755102046 0.0 0.0
0 0 -0.029708778507225527 0.000224339404638989 3.129387755102046 0.0 0.0
0 0 -0.029708778507225527 0.000224339404638989 3.129387755102046 0.0 0.0
0 0 -0.029708778507225527 0.000224339404638989 3.129387755102046 0.0 0.0
0 0 -0.029708778507225527 0.000224339404638989 3.129387755102046 0.0 0.0
0 0 -0.029708778507225527 0.000224339404638989 3.129387755102046 0.0 0.0
0 0 -0.029708778507225527 0.000224339404638989 3.129387755102046 0.0 0.0
0 0 -0.029708778507225527 0.000224339404638989 3.129387755102046 0.0 0.0
0 0 -0.029708778507225527 0.000224339404638989 3.129387755102046 0.0 0.0
0 0 -0.029708778507225527 0.000224339404638989 3.129387755102046 0.0 0.0
0 0 -0.029708778507225527 0.000224339404638989 3.129387755102046 0.0 0.0
0 0 -0.029708778507225527 0.000224339404638989 3.129387755102046 0.0 0.0
0 0 -0.029708778507225527 0.000224339404638989 3.129387755102046 0.0 0.0
0 0 -0.029708778507225527 0.000224339404638989 3.129387755102046 0.0 0.0
0 0 -0.029708778507225527 0.000224339404638989 3.129387755102046 0.0 0.0
0 0 -0.029708778507225527 0.000224339404638989 3.129387755102046 0.0 0.0
0 0 -0.029708778507225527 0.000224339404638989 3.129387755102046 0.0 0.0
0 0 -0.029708778507225527 0.000224339404638989 3.129387755102046 0.0 0.0
0 0 -0.029708778507225527 0.000224339404638989 3.129387755102046 0.0 0.0
0 0 -0.029708778507225527 0.000224339404638989 3.129387755102046 0.0 0.0
0 0 -0.029708778507225527 0.000224339404638989 3.129387755102046 0.0 0.0
0 0 -0.029708778507225527 0.000224339404638989 3.129387755102046 0.0 0.0
0 0 -0.029708778507225527 0.000224339404638989 3.129387755102046 0.0 0.0
0 0 -0.029708778507225527 0.000224339404638989 3.129387755102046 0.0 0.0
0 0 -0.029708778507225527 0.000224339404638989 3.129387755102046 0.0 0.0
0 0 -0.029708778507225527 0.000224339404638989 3.129387755102046 0.0 0.0
0 0 -0.029708778507225527 0.000224339404638989 3.129387755102046 0.0 0.0
0 0 -0.029708778507225527 0.000224339404638989 3.129387755102046 0.0 0.0
0 0 -0.029708778507225527 0.000224339404638989 3.129387755102046 0.0 0.0
0 0 -0.029708778507225527 0.000224339404638989 3.129387755102046 0.0 0.0
0 0 -0.029708778507225527 0.000224339404638989 3.129387755102046 0.0 0.0
0 0 -0.029708778507225527 0.000224339404638989 3.129387755102046 0.0 0.0
0 0 -0.029708778507225527 0.000224339404638989 3.129387755102046 0.0 0.0
0 0 -0.029708778507225527 0.000224339404638989 3.129387755102046 0.0 0.0
0 0 -0.029708778507225527 0.000224339404638989 3.129387755102046 0.0 0.0
0 0 -0.029708778507225527 0.000224339404638989 3.129387755102046 0.0 0.0
0 0 -0.029708778507225527 0.000224339404638989 3.129387755102046 0.0 0.0
0 0 -0.029708778507225527 0.000224339404638989 3.129387755102046 0.0 0.0
0 0 -0.029708778507225527 0.000224339404638989 3.129387755102046 0.0 0.0
0 0 -0.029708778507225527 0.000224339404638989 3.129387755102046 0.0 0.0
0 0 -0.029708778507225527 0.000224339404638989 3.129387755102046 0.0 0.0
0 0 -0.029708778507225527 0.000224339404638989 3.129387755102046 0.0 0.0
0 0 -0.029708778507225527 0.000224339404638989 3.129387755102046 0.0 0.0
0 0 -0.029708778507225527 0.000224339404638989 3.129387755102046 0.0 0.0
0 0 -0.029708778507225527 0.000224339404638989 3.129387755102046 0.0 0.0
0 0 -0.029708778507225527 0.000224339404638989 3.129387755102046 0.0 0.0
0 0 -0.029708778507225527 0.000224339404638989 3.129387755102046 0.0 0.0
0 0 -0.029708778507225527 0.000224339404638989 3.129387755102046 0.0 0.0
0 0 -0.029708778507225527 0.000224339404638989 3.129387755102046 0.0 0.0
0 0 -0.029708778507225527 0.000224339404638989 3.129387755102046 0.0 0.0
0 0 -0.029708778507225527 0.000224339404638989 3.129387755102046 0.0 0.0
0 0 -0.029708778507225527 0.000224339404638989 3.129387755102046 0.0 0.0
0 0 -0.029708778507225527 0.000224339404638989 3.129387755102046 0.0 0.0
0 0 -0.029708778507225527 0.000224339404638989 3.129387755102046 0.0 0.0
0 0 -0.029708778507225527 0.000224339404638989 3.129387755102046 0.0 0.0
0 0 -0.029708778507225527 0.000224339404638989 3.129387755102046 0.0 0.0
0 0 -0.029708778507225527 0.000224339404638989 3.129387755102046 0.0 0.0
0 0 -0.029708778507225527 0.000224339404638989 3.129387755102046 0.0 0.0
0 0 -0.029708778507225527 0.000224339404638989 3.129387755102046 0.0 0.0
0 0 -0.029708778507225527 0.000224339404638989 3.129387755102046 0.0 0.0
0 0 -0.029708778507225527 0.000224339404638989 3.129387755102046 0.0 0.0
0 0 -0.029708778507225527 0.000224339404638989 3.129387755102046 0.0 0.0
0 0 -0.029708778507225527 0.000224339404638989 3.129387755102046 0.0 0.0
0 0 -0.029708778507225527 0.000224339404638989 3.129387755102046 0.0 0.0
0 0 -0.029708778507225527 0.000224339404638989 3.129387755102046 0.0 0.0
0 0 -0.029708778507225527 0.000224339404638989 3.129387755102046 0.0 0.0
0 0 -0.029708778507225527 0.000224339404638989 3.129387755102046 0.0 0.0
0 0 -0.029708778507225527 0.000224339404638989 3.129387755102046 0.0 0.0
0 0 -0.029708778507225527 0.000224339404638989 3.129387755102046 0.0 0.0
0 0 -0.029708778507225527 0.000224339404638989 3.129387755102046 0.0 0.0
0 0 -0.029708778507225527 0.000224339404638989 3.129387755102046 0.0 0.0
0 0 -0.029708778507225527 0.000224339404638989 3.129387755102046 0.0 0.0
0 0 -0.029708778507225527 0.000224339404638989 3.129387755102046 0.0 0.0
0 0 -0.029708778507225527 0.000224339404638989 3.129387755102046 0.0 0.0
0 0 -0.029708778507225527 0.000224339404638989 3.129387755102046 0.0 0.0
0 0 -0.029708778507225527 0.000224339404638989 3.129387755102046 0.0 0.0
0 0 -0.029708778507225527 0.000224339404638989 3.129387755102046 0.0 0.0
0 0 -0.029708778507225527 0.000224339404638989 3.129387755102046 0.0 0.0
0 0 -0.029708778507225527 0.000224339404638989 3.129387755102046 0.0 0.0
0 0 -0.029708778507225527 0.000224339404638989 3.129387755102046 0.0 0.0
0 0 -0.029708778507225527 0.000224339404638989 3.129387755102046 0.0 0.0
0 0 -0.029708778507225527 0.000224339404638989 3.129387755102046 0.0 0.0
0 0 -0.029708778507225527 0.000224339404638989 3.129387755102046 0.0 0.0
0 0 -0.029708778507225527 0.000224339404638989 3.129387755102046 0.0 0.0
0 0 -0.029708778507225527 0.000224339404638989 3.129387755102046 0.0 0.0
0 0 -0.029708778507225527 0.000224339404638989 3.129387755102046 0.0 0.0
0 0 -0.029708778507225527 0.000224339404638989 3.129387755102046 0.0 0.0
0 0 -0.029708778507225527 0.000224339404638989 3.129387755102046 0.0 0.0
0 0 -0.029708778507225527 0.000224339404638989 3.129387755102046 0.0 0.0
0 0 -0.029708778507225527 0.000224339404638989 3.129387755102046 0.0 0.0
0 0 -0.029708778507225527 0.000224339404638989 3.129387755102046 0.0 0.0
0 0 -0.029708778507225527 0.000224339404638989 3.129387755102046 0.0 0.0
0 0 -0.029708778507225527 0.000224339404638989 3.129387755102046 0.0 0.0
0 0 -0.029708778507225527 0.000224339404638989 3.129387755102046 0.0 0.0
0 0 -0.029708778507225527 0.000224339404638989 3.129387755102046 0.0 0.0
0 0 -0.029708778507225527 0.000224339404638989 3.129387755102046 0.0 0.0
0 0 -0.029708778507225527 0.000224339404638989 3.129387755102046 0.0 0.0
0 0 -0.029708778507225527 0.000224339404638989 3.129387755102046 0.0 0.0
0 0 -0.029708778507225527 0.000224339404638989 3.129387755102046 0.0 0.0
0 0 -0.029708778507225527 0.000224339404638989 3.129387755102046 0.0 0.0
0 0 -0.029708778507225527 0.000224339404638989 3.129387755102046 0.0 0.0
0 0 -0.029708778507225527 0.000224339404638989 3.129387755102046 0.0 0.0
0 0 -0.029708778507225527 0.000224339404638989 3.129387755102046 0.0 0.0
0 0 -0.029708778507225527 0.000224339404638989 3.129387755102046 0.0 0.0
0 0 -0.029708778507225527 0.000224339404638989 3.129387755102046 0.0 0.0
0 0 -0.029708778507225527 0.000224339404638989 3.129387755102046 0.0 0.0
0 0 -0.029708778507225527 0.000224339404638989 3.129387755102046 0.0 0.0
0 0 -0.029708778507225527 0.000224339404638989 3.129387755102046 0.0 0.0
0 0 -0.029708778507225527 0.000224339404638989 3.129387755102046 0.0 0.0
0 0 -0.029708778507225527 0.000224339404638989 3.129387755102046 0.0 0.0
0 0 -0.029708778507225527 0.000224339404638989 3.129387755102046 0.0 0.0
0 0 -0.029708778507225527 0.000224339404638989 3.129387755102046 0.0 0.0
0 0 -0.029708778507225527 0.000224339404638989 3.129387755102046 0.0 0.0
0 0 -0.029708778507225527 0.000224339404638989 3.129387755102046 0.0 0.0
0 0 -0.029708778507225527 0.000224339404638989 3.129387755102046 0.0 0.0
0 0 -0.029708778507225527 0.000224339404638989 3.129387755102046 0.0 0.0
0 0 -0.029708778507225527 0.000224339404638989 3.129387755102046 0.0 0.0
0 0 -0.029708778507225527 0.000224339404638989 3.129387755102046 0.0 0.0
0 0 -0.029708778507225527 0.000224339404638989 3.129387755102046 0.0 0.0
0 0 -0.029708778507225527 0.000224339404638989 3.129387755102046 0.0 0.0
0 0 -0.029708778507225527 0.000224339404638989 3.129387755102046 0.0 0.0
0 0 -0.029708778507225527 0.000224339404638989 3.129387755102046 0.0 0.0
0 0 -0.029708778507225527 0.000224339404638989 3.129387755102046 0.0 0.0
0 0 -0.029708778507225527 0.000224339404638989 3.129387755102046 0.0 0.0
0 0 -0.029708778507225527 0.000224339404638989 3.129387755102046 0.0 0.0
0 0 -0.029708778507225527 0.000224339404638989 3.129387755102046 0.0 0.0
0 0 -0.029708778507225527 0.000224339404638989 3.129387755102046 0.0 0.0
0 0 -0.029708778507225527 0.000224339404638989 3.129387755102046 0.0 0.0
0 0 -0.029708778507225527 0.000224339404638989 3.129387755102046 0.0 0.0
0 0 -0.029708778507225527 0.000224339404638989 3.129387755102046 0.0 0.0
0 0 -0.029708778507225527 0.000224339404638989 3.129387755102046 0.0 0.0
0 0 -0.029708778507225527 0.000224339404638989 3.129387755102046 0.0 0.0
0 0 -0.029708778507225527 0.000224339404638989 3.129387755102046 0.0 0.0
0 0 -0.029708778507225527 0.000224339404638989 3.129387755102046 0.0 0.0
0 0 -0.029708778507225527 0.000224339404638989 3.129387755102046 0.0 0.0
0 0 -0.029708778507225527 0.000224339404638989 3.129387755102046 0.0 0.0
0 0 -0.029708778507225527 0.000224339404638989 3.129387755102046 0.0 0.0
0 0 -0.029708778507225527 0.000224339404638989 3.129387755102046 0.0 0.0
0 0 -0.029708778507225527 0.000224339404638989 3.129387755102046 0.0 0.0
0 0 -0.029708778507225527 0.000224339404638989 3.129387755102046 0.0 0.0
0 0 -0.029708778507225527 0.000224339404638989 3.129387755102046 0.0 0.0
0 0 -0.029708778507225527 0.000224339404638989 3.129387755102046 0.0 0.0
0 0 -0.029708778507225527 0.000224339404638989 3.129387755102046 0.0 0.0
0 0 -0.029708778507225527 0.000224339404638989 3.129387755102046 0.0 0.0
0 0 -0.029708778507225527 0.000224339404638989 3.129387755102046 0.0 0.0
0 0 -0.029708778507225527 0.000224339404638989 3.129387755102046 0.0 0.0
0 0 -0.029708778507225527 0.000224339404638989 3.129387755102046 0.0 0.0
0 0 -0.029708778507225527 0.000224339404638989 3.129387755102046 0.0 0.0
0 0 -0.029708778507225527 0.000224339404638989 3.129387755102046 0.0 0.0
0 0 -0.029708778507225527 0.000224339404638989 3.129387755102046 0.0 0.0
0 0 -0.029708778507225527 0.000224339404638989 3.129387755102046 0.0 0.0
0 0 -0.029708778507225527 0.000224339404638989 3.129387755102046 0.0 0.0
0 0 -0.029708778507225527 0.000224339404638989 3.129387755102046 0.0 0.0
0 0 -0.029708778507225527 0.000224339404638989 3.129387755102046 0.0 0.0
0 0 -0.029708778507225527 0.000224339404638989 3.129387755102046 0.0 0.0
0 0 -0.029708778507225527 0.000224339404638989 3.129387755102046 0.0 0.0
0 0 -0.029708778507225527 0.000224339404638989 3.129387755102046 0.0 0.0
0 0 -0.029708778507225527 0.000224339404638989 3.129387755102046 0.0 0.0
0 0 -0.029708778507225527 0.000224339404638989 3.129387755102046 0.0 0.0
0 0 -0.029708778507225527 0.000224339404638989 3.129387755102046 0.0 0.0
0 0 -0.029708778507225527 0.000224339404638989 3.129387755102046 0.0 0.0
0 0 -0.029708778507225527 0.000224339404638989 3.129387755102046 0.0 0.0
0 0 -0.029708778507225527 0.000224339404638989 3.129387755102046 0.0 0.0
0 0 -0.029708778507225527 0.000224339404638989 3.129387755102046 0.0 0.0
0 0 -0.029708778507225527 0.000224339404638989 3.129387755102046 0.0 0.0
0 0 -0.029708778507225527 0.000224339404638989 3.129387755102046 0.0 0.0
0 0 -0.029708778507225527 0.000224339404638989 3.129387755102046 0.0 0.0
0 0 -0.029708778507225527 0.000224339404638989 3.129387755102046 0.0 0.0
0 0 -0.029708778507225527 0.000224339404638989 3.129387755102046 0.0 0.0
0 0 -0.029708778507225527 0.000224339404638989 3.129387755102046 0.0 0.0
0 0 -0.029708778507225527 0.000224339404638989 3.129387755102046 0.0 0.0
0 0 -0.029708778507225527 0.000224339404638989 3.129387755102046 0.0 0.0
0 0 -0.029708778507225527 0.000224339404638989 3.129387755102046 0.0 0.0
0 0 -0.029708778507225527 0.000224339404638989 3.129387755102046 0.0 0.0
0 0 -0.029708778507225527 0.000224339404638989 3.129387755102046 0.0 0.0
0 0 -0.029708778507225527 0.000224339404638989 3.129387755102046 0.0 0.0
0 0 -0.029708778507225527 0.000224339404638989 3.129387755102046 0.0 0.0
0 0 -0.029708778507225527 0.000224339404638989 3.129387755102046 0.0 0.0
0 0 -0.029708778507225527 0.000224339404638989 3.129387755102046 0.0 0.0
0 0 -0.029708778507225527 0.000224339404638989 3.129387755102046 0.0 0.0
0 0 -0.029708778507225527 0.000224339404638989 3.129387755102046 0.0 0.0
0 0 -0.029708778507225527 0.000224339404638989 3.129387755102046 0.0 0.0
0 0 -0.029708778507225527 0.000224339404638989 3.129387755102046 0.0 0.0
0 0 -0.029708778507225527 0.000224339404638989 3.129387755102046 0.0 0.0
0 0 -0.029708778507225527 0.000224339404638989 3.129387755102046 0.0 0.0
0 0 -0.029708778507225527 0.000224339404638989 3.129387755102046 0.0 0.0
0 0 -0.029708778507225527 0.000224339404638989 3.129387755102046 0.0 0.0
0 0 -0.029708778507225527 0.000224339404638989 3.129387755102046 0.0 0.0
0 0 -0.029708778507225527 0.000224339404638989 3.129387755102046 0.0 0.0
0 0 -0.029708778507225527 0.000224339404638989 3.129387755102046 0.0 0.0
0 0 -0.029708778507225527 0.000224339404638989 3.129387755102046 0.0 0.0
0 0 -0.029708778507225527 0.000224339404638989 3.129387755102046 0.0 0.0
0 0 -0.029708778507225527 0.000224339404638989 3.129387755102046 0.0 0.0
0 0 -0.029708778507225527 0.000224339404638989 3.129387755102046 0.0 0.0
0 0 -0.029708778507225527 0.000224339404638989 3.129387755102046 0.0 0.0
0 0 -0.029708778507225527 0.000224339404638989 3.129387755102046 0.0 0.0
0 0 -0.029708778507225527 0.000224339404638989 3.129387755102046 0.0 0.0
0 0 -0.029708778507225527 0.000224339404638989 3.129387755102046 0.0 0.0
0 0 -0.029708778507225527 0.000224339404638989 3.129387755102046 0.0 0.0
0 0 -0.029708778507225527 0.000224339404638989 3.129387755102046 0.0 0.0
0 0 -0.029708778507225527 0.000224339404638989 3.129387755102046 0.0 0.0
0 0 -0.029708778507225527 0.000224339404638989 3.129387755102046 0.0 0.0
0 0 -0.029708778507225527 0.000224339404638989 3.129387755102046 0.0 0.0
0 0 -0.029708778507225527 0.000224339404638989 3.129387755102046 0.0 0.0
0 0 -0.029708778507225527 0.000224339404638989 3.129387755102046 0.0 0.0
0 0 -0.029708778507225527 0.000224339404638989 3.129387755102046 0.0 0.0
0 0 -0.029708778507225527 0.000224339404638989 3.129387755102046 0.0 0.0
0 0 -0.029708778507225527 0.000224339404638989 3.129387755102046 0.0 0.0
0 0 -0.029708778507225527 0.000224339404638989 3.129387755102046 0.0 0.0
0 0 -0.029708778507225527 0.000224339404638989 3.129387755102046 0.0 0.0
0 0 -0.029708778507225527 0.000224339404638989 3.129387755102046 0.0 0.0
0 0 -0.029708778507225527 0.000224339404638989 3.129387755102046 0.0 0.0
0 0 -0.029708778507225527 0.000224339404638989 3.129387755102046 0.0 0.0
0 0 -0.029708778507225527 0.000224339404638989 3.129387755102046 0.0 0.0
0 0 -0.029708778507225527 0.000224339404638989 3.129387755102046 0.0 0.0
0 0 -0.029708778507225527 0.000224339404638989 3.129387755102046 0.0 0.0
0 0 -0.029708778507225527 0.000224339404638989 3.129387755102046 0.0 0.0
0 0 -0.029708778507225527 0.000224339404638989 3.129387755102046 0.0 0.0
0 0 -0.029708778507225527 0.000224339404638989 3.129387755102046 0.0 0.0
0 0 -0.029708778507225527 0.000224339404638989 3.129387755102046 0.0 0.0
0 0 -0.029708778507225527 0.000224339404638989 3.129387755102046 0.0 0.0
0 0 -0.029708778507225527 0.000224339404638989 3.129387755102046 0.0 0.0
0 0 -0.029708778507225527 0.000224339404638989 3.129387755102046 0.0 0.0
0 0 -0.029708778507225527 0.000224339404638989 3.129387755102046 0.0 0.0
0 0 -0.029708778507225527 0.000224339404638989 3.129387755102046 0.0 0.0
0 0 -0.029708778507225527 0.000224339404638989 3.129387755102046 0.0 0.0
0 0 -0.029708778507225527 0.000224339404638989 3.129387755102046 0.0 0.0
0 0 -0.029708778507225527 0.000224339404638989 3.129387755102046 0.0 0.0
0 0 -0.029708778507225527 0.000224339404638989 3.129387755102046 0.0 0.0
0 0 -0.029708778507225527 0.000224339404638989 3.129387755102046 0.0 0.0
0 0 -0.029708778507225527 0.000224339404638989 3.129387755102046 0.0 0.0
0 0 -0.029708778507225527 0.000224339404638989 3.129387755102046 0.0 0.0
0 0 -0.029708778507225527 0.000224339404638989 3.129387755102046 0.0 0.0
0 0 -0.029708778507225527 0.000224339404638989 3.129387755102046 0.0 0.0
0 0 -0.029708778507225527 0.000224339404638989 3.129387755102046 0.0 0.0
0 0 -0.029708778507225527 0.000224339404638989 3.129387755102046 0.0 0.0
0 0 -0.029708778507225527 0.000224339404638989 3.129387755102046 0.0 0.0
0 0 -0.029708778507225527 0.000224339404638989 3.129387755102046 0.0 0.0
0 0 -0.029708778507225527 0.000224339404638989 3.129387755102046 0.0 0.0
0 0 -0.029708778507225527 0.000224339404638989 3.129387755102046 0.0 0.0
0 0 -0.029708778507225527 0.000224339404638989 3.129387755102046 0.0 0.0
0 0 -0.029708778507225527 0.000224339404638989 3.129387755102046 0.0 0.0
0 0 -0.029708778507225527 0.000224339404638989 3.129387755102046 0.0 0.0
0 0 -0.029708778507225527 0.000224339404638989 3.129387755102046 0.0 0.0
0 0 -0.029708778507225527 0.000224339404638989 3.129387755102046 0.0 0.0
0 0 -0.029708778507225527 0.000224339404638989 3.129387755102046 0.0 0.0
0 0 -0.029708778507225527 0.000224339404638989 3.129387755102046 0.0 0.0
0 0 -0.029708778507225527 0.000224339404638989 3.129387755102046 0.0 0.0
0 0 -0.029708778507225527 0.000224339404638989 3.129387755102046 0.0 0.0
0 0 -0.029708778507225527 0.000224339404638989 3.129387755102046 0.0 0.0
0 0 -0.029708778507225527 0.000224339404638989 3.129387755102046 0.0 0.0
0 0 -0.029708778507225527 0.000224339404638989 3.129387755102046 0.0 0.0
0 0 -0.029708778507225527 0.000224339404638989 3.129387755102046 0.0 0.0
0 0 -0.029708778507225527 0.000224339404638989 3.129387755102046 0.0 0.0
0 0 -0.029708778507225527 0.000224339404638989 3.129387755102046 0.0 0.0
0 0 -0.029708778507225527 0.000224339404638989 3.129387755102046 0.0 0.0
0 0 -0.029708778507225527 0.000224339404638989 3.129387755102046 0.0 0.0
0 0 -0.029708778507225527 0.000224339404638989 3.129387755102046 0.0 0.0
0 0 -0.029708778507225527 0.000224339404638989 3.129387755102046 0.0 0.0
0 0 -0.029708778507225527 0.000224339404638989 3.129387755102046 0.0 0.0
0 0 -0.029708778507225527 0.000224339404638989 3.129387755102046 0.0 0.0
0 0 -0.029708778507225527 0.000224339404638989 3.129387755102046 0.0 0.0
0 0 -0.029708778507225527 0.000224339404638989 3.129387755102046 0.0 0.0
0 0 -0.029708778507225527 0.000224339404638989 3.129387755102046 0.0 0.0
0 0 -0.029708778507225527 0.000224339404638989 3.129387755102046 0.0 0.0
0 0 -0.029708778507225527 0.000224339404638989 3.129387755102046 0.0 0.0
0 0 -0.029708778507225527 0.000224339404638989 3.129387755102046 0.0 0.0
0 0 -0.029708778507225527 0.000224339404638989 3.129387755102046 0.0 0.0
0 0 -0.029708778507225527 0.000224339404638989 3.129387755102046 0.0 0.0
0 0 -0.029708778507225527 0.000224339404638989 3.129387755102046 0.0 0.0
0 0 -0.029708778507225527 0.000224339404638989 3.129387755102046 0.0 0.0
0 0 -0.029708778507225527 0.000224339404638989 3.129387755102046 0.0 0.0
0 0 -0.029708778507225527 0.000224339404638989 3.129387755102046 0.0 0.0
0 0 -0.029708778507225527 0.000224339404638989 3.129387755102046 0.0 0.0
0 0 -0.029708778507225527 0.000224339404638989 3.129387755102046 0.0 0.0
0 0 -0.029708778507225527 0.000224339404638989 3.129387755102046 0.0 0.0
0 0 -0.029708778507225527 0.000224339404638989 3.129387755102046 0.0 0.0
0 0 -0.029708778507225527 0.000224339404638989 3.129387755102046 0.0 0.0
0 0 -0.029708778507225527 0.000224339404638989 3.129387755102046 0.0 0.0
0 0 -0.029708778507225527 0.000224339404638989 3.129387755102046 0.0 0.0
0 0 -0.029708778507225527 0.000224339404638989 3.129387755102046 0.0 0.0
0 0 -0.029708778507225527 0.000224339404638989 3.129387755102046 0.0 0.0
0 0 -0.029708778507225527 0.000224339404638989 3.129387755102046 0.0 0.0
0 0 -0.029708778507225527 0.000224339404638989 3.129387755102046 0.0 0.0
0 0 -0.029708778507225527 0.000224339404638989 3.129387755102046 0.0 0.0
0 0 -0.029708778507225527 0.000224339404638989 3.129387755102046 0.0 0.0
0 0 -0.029708778507225527 0.000224339404638989 3.129387755102046 0.0 0.0
0 0 -0.029708778507225527 0.000224339404638989 3.129387755102046 0.0 0.0
0 0 -0.029708778507225527 0.000224339404638989 3.129387755102046 0.0 0.0
0 0 -0.029708778507225527 0.000224339404638989 3.129387755102046 0.0 0.0
0 0 -0.029708778507225527 0.000224339404638989 3.129387755102046 0.0 0.0
0 0 -0.029708778507225527 0.000224339404638989 3.129387755102046 0.0 0.0
0 0 -0.029708778507225527 0.000224339404638989 3.129387755102046 0.0 0.0
0 0 -0.029708778507225527 0.000224339404638989 3.129387755102046 0.0 0.0
0 0 -0.029708778507225527 0.000224339404638989 3.129387755102046 0.0 0.0
0 0 -0.029708778507225527 0.000224339404638989 3.129387755102046 0.0 0.0
0 0 -0.029708778507225527 0.000224339404638989 3.129387755102046 0.0 0.0
0 0 -0.029708778507225527 0.000224339404638989 3.129387755102046 0.0 0.0
0 0 -0.029708778507225527 0.000224339404638989 3.129387755102046 0.0 0.0
0 0 -0.029708778507225527 0.000224339404638989 3.129387755102046 0.0 0.0
0 0 -0.029708778507225527 0.000224339404638989 3.129387755102046 0.0 0.0
0 0 -0.029708778507225527 0.000224339404638989 3.129387755102046 0.0 0.0
0 0 -0.029708778507225527 0.000224339404638989 3.129387755102046 0.0 0.0
0 0 -0.029708778507225527 0.000224339404638989 3.129387755102046 0.0 0.0
0 0 -0.029708778507225527 0.000224339404638989 3.129387755102046 0.0 0.0
0 0 -0.029708778507225527 0.000224339404638989 3.129387755102046 0.0 0.0
0 0 -0.029708778507225527 0.000224339404638989 3.129387755102046 0.0 0.0
0 0 -0.029708778507225527 0.000224339404638989 3.129387755102046 0.0 0.0
0 0 -0.029708778507225527 0.000224339404638989 3.129387755102046 0.0 0.0
0 0 -0.029708778507225527 0.000224339404638989 3.129387755102046 0.0 0.0
0 0 -0.029708778507225527 0.000224339404638989 3.129387755102046 0.0 0.0
0 0 -0.029708778507225527 0.000224339404638989 3.129387755102046 0.0 0.0
0 0 -0.029708778507225527 0.000224339404638989 3.129387755102046 0.0 0.0
0 0 -0.029708778507225527 0.000224339404638989 3.129387755102046 0.0 0.0
0 0 -0.029708778507225527 0.000224339404638989 3.129387755102046 0.0 0.0
0 0 -0.029708778507225527 0.000224339404638989 3.129387755102046 0.0 0.0
0 0 -0.029708778507225527 0.000224339404638989 3.129387755102046 0.0 0.0
0 0 -0.029708778507225527 0.000224339404638989 3.129387755102046 0.0 0.0
0 0 -0.029708778507225527 0.000224339404638989 3.129387755102046 0.0 0.0
0 0 -0.029708778507225527 0.000224339404638989 3.129387755102046 0.0 0.0
0 0 -0.029708778507225527 0.000224339404638989 3.129387755102046 0.0 0.0
0 0 -0.029708778507225527 0.000224339404638989 3.129387755102046 0.0 0.0
0 0 -0.029708778507225527 0.000224339404638989 3.129387755102046 0.0 0.0
0 0 -0.029708778507225527 0.000224339404638989 3.129387755102046 0.0 0.0
0 0 -0.029708778507225527 0.000224339404638989 3.129387755102046 0.0 0.0
0 0 -0.029708778507225527 0.000224339404638989 3.129387755102046 0.0 0.0
0 0 -0.029708778507225527 0.000224339404638989 3.129387755102046 0.0 0.0
0 0 -0.029708778507225527 0.000224339404638989 3.129387755102046 0.0 0.0
0 0 -0.029708778507225527 0.000224339404638989 3.129387755102046 0.0 0.0
0 0 -0.029708778507225527 0.000224339404638989 3.129387755102046 0.0 0.0
0 0 -0.029708778507225527 0.000224339404638989 3.129387755102046 0.0 0.0
0 0 -0.029708778507225527 0.000224339404638989 3.129387755102046 0.0 0.0
0 0 -0.029708778507225527 0.000224339404638989 3.129387755102046 0.0 0.0
0 0 -0.029708778507225527 0.000224339404638989 3.129387755102046 0.0 0.0
0 0 -0.029708778507225527 0.000224339404638989 3.129387755102046 0.0 0.0
0 0 -0.029708778507225527 0.000224339404638989 3.129387755102046 0.0 0.0
0 0 -0.029708778507225527 0.000224339404638989 3.129387755102046 0.0 0.0
0 0 -0.029708778507225527 0.000224339404638989 3.129387755102046 0.0 0.0
0 0 -0.029708778507225527 0.000224339404638989 3.129387755102046 0.0 0.0
0 0 -0.029708778507225527 0.000224339404638989 3.129387755102046 0.0 0.0
0 0 -0.029708778507225527 0.000224339404638989 3.129387755102046 0.0 0.0
0 0 -0.029708778507225527 0.000224339404638989 3.129387755102046 0.0 0.0
0 0 -0.029708778507225527 0.000224339404638989 3.129387755102046 0.0 0.0
0 0 -0.029708778507225527 0.000224339404638989 3.129387755102046 0.0 0.0
0 0 -0.029708778507225527 0.000224339404638989 3.129387755102046 0.0 0.0
0 0 -0.029708778507225527 0.000224339404638989 3.129387755102046 0.0 0.0
0 0 -0.029708778507225527 0.000224339404638989 3.129387755102046 0.0 0.0
0 0 -0.029708778507225527 0.000224339404638989 3.129387755102046 0.0 0.0
0 0 -0.029708778507225527 0.000224339404638989 3.129387755102046 0.0 0.0
0 0 -0.029708778507225527 0.000224339404638989 3.129387755102046 0.0 0.0
0 0 -0.029708778507225527 0.000224339404638989 3.129387755102046 0.0 0.0
0 0 -0.029708778507225527 0.000224339404638989 3.129387755102046 0.0 0.0
0 0 -0.029708778507225527 0.000224339404638989 3.129387755102046 0.0 0.0
0 0 -0.029708778507225527 0.000224339404638989 3.129387755102046 0.0 0.0
0 0 -0.029708778507225527 0.000224339404638989 3.129387755102046 0.0 0.0
0 0 -0.029708778507225527 0.000224339404638989 3.129387755102046 0.0 0.0
0 0 -0.029708778507225527 0.000224339404638989 3.129387755102046 0.0 0.0
0 0 -0.029708778507225527 0.000224339404638989 3.129387755102046 0.0 0.0
0 0 -0.029708778507225527 0.000224339404638989 3.129387755102046 0.0 0.0
0 0 -0.029708778507225527 0.000224339404638989 3.129387755102046 0.0 0.0
0 0 -0.029708778507225527 0.000224339404638989 3.129387755102046 0.0 0.0
0 0 -0.029708778507225527 0.000224339404638989 3.129387755102046 0.0 0.0
0 0 -0.029708778507225527 0.000224339404638989 3.129387755102046 0.0 0.0
0 0 -0.029708778507225527 0.000224339404638989 3.129387755102046 0.0 0.0
0 0 -0.029708778507225527 0.000224339404638989 3.129387755102046 0.0 0.0
0 0 -0.029708778507225527 0.000224339404638989 3.129387755102046 0.0 0.0
0 0 -0.029708778507225527 0.000224339404638989 3.129387755102046 0.0 0.0
0 0 -0.029708778507225527 0.000224339404638989 3.129387755102046 0.0 0.0
0 0 -0.029708778507225527 0.000224339404638989 3.129387755102046 0.0 0.0
0 0 -0.029708778507225527 0.000224339404638989 3.129387755102046 0.0 0.0
0 0 -0.029708778507225527 0.000224339404638989 3.129387755102046 0.0 0.0
0 0 -0.029708778507225527 0.000224339404638989 3.129387755102046 0.0 0.0
0 0 -0.029708778507225527 0.000224339404638989 3.129387755102046 0.0 0.0
0 0 -0.029708778507225527 0.000224339404638989 3.129387755102046 0.0 0.0
0 0 -0.029708778507225527 0.000224339404638989 3.129387755102046 0.0 0.0
0 0 -0.029708778507225527 0.000224339404638989 3.129387755102046 0.0 0.0
0 0 -0.029708778507225527 0.000224339404638989 3.129387755102046 0.0 0.0
0 0 -0.029708778507225527 0.000224339404638989 3.129387755102046 0.0 0.0
0 0 -0.029708778507225527 0.000224339404638989 3.129387755102046 0.0 0.0
0 0 -0.029708778507225527 0.000224339404638989 3.129387755102046 0.0 0.0
0 0 -0.029708778507225527 0.000224339404638989 3.129387755102046 0.0 0.0
0 0 -0.029708778507225527 0.000224339404638989 3.129387755102046 0.0 0.0
0 0 -0.029708778507225527 0.000224339404638989 3.129387755102046 0.0 0.0
0 0 -0.029708778507225527 0.000224339404638989 3.129387755102046 0.0 0.0
0 0 -0.029708778507225527 0.000224339404638989 3.129387755102046 0.0 0.0
0 0 -0.029708778507225527 0.000224339404638989 3.129387755102046 0.0 0.0
0 0 -0.029708778507225527 0.000224339404638989 3.129387755102046 0.0 0.0
0 0 -0.029708778507225527 0.000224339404638989 3.129387755102046 0.0 0.0
0 0 -0.029708778507225527 0.000224339404638989 3.129387755102046 0.0 0.0
0 0 -0.029708778507225527 0.000224339404638989 3.129387755102046 0.0 0.0
0 0 -0.029708778507225527 0.000224339404638989 3.129387755102046 0.0 0.0
0 0 -0.029708778507225527 0.000224339404638989 3.129387755102046 0.0 0.0
0 0 -0.029708778507225527 0.000224339404638989 3.129387755102046 0.0 0.0
0 0 -0.029708778507225527 0.000224339404638989 3.129387755102046 0.0 0.0
0 0 -0.029708778507225527 0.000224339404638989 3.129387755102046 0.0 0.0
0 0 -0.029708778507225527 0.000224339404638989 3.129387755102046 0.0 0.0
0 0 -0.029708778507225527 0.000224339404638989 3.129387755102046 0.0 0.0
0 0 -0.029708778507225527 0.000224339404638989 3.129387755102046 0.0 0.0
0 0 -0.029708778507225527 0.000224339404638989 3.129387755102046 0.0 0.0
0 0 -0.029708778507225527 0.000224339404638989 3.129387755102046 0.0 0.0
0 0 -0.029708778507225527 0.000224339404638989 3.129387755102046 0.0 0.0
0 0 -0.029708778507225527 0.000224339404638989 3.129387755102046 0.0 0.0
0 0 -0.029708778507225527 0.000224339404638989 3.129387755102046 0.0 0.0
0 0 -0.029708778507225527 0.000224339404638989 3.129387755102046 0.0 0.0
0 0 -0.029708778507225527 0.000224339404638989 3.129387755102046 0.0 0.0
0 0 -0.029708778507225527 0.000224339404638989 3.129387755102046 0.0 0.0
0 0 -0.029708778507225527 0.000224339404638989 3.129387755102046 0.0 0.0
0 0 -0.029708778507225527 0.000224339404638989 3.129387755102046 0.0 0.0
0 0 -0.029708778507225527 0.000224339404638989 3.129387755102046 0.0 0.0
0 0 -0.029708778507225527 0.000224339404638989 3.129387755102046 0.0 0.0
0 0 -0.029708778507225527 0.000224339404638989 3.129387755102046 0.0 0.0
0 0 -0.029708778507225527 0.000224339404638989 3.129387755102046 0.0 0.0
0 0 -0.029708778507225527 0.000224339404638989 3.129387755102046 0.0 0.0
0 0 -0.029708778507225527 0.000224339404638989 3.129387755102046 0.0 0.0
0 0 -0.029708778507225527 0.000224339404638989 3.129387755102046 0.0 0.0
0 0 -0.029708778507225527 0.000224339404638989 3.129387755102046 0.0 0.0
0 0 -0.029708778507225527 0.000224339404638989 3.129387755102046 0.0 0.0
0 0 -0.029708778507225527 0.000224339404638989 3.129387755102046 0.0 0.0
0 0 -0.029708778507225527 0.000224339404638989 3.129387755102046 0.0 0.0
0 0 -0.029708778507225527 0.000224339404638989 3.129387755102046 0.0 0.0
0 0 -0.029708778507225527 0.000224339404638989 3.129387755102046 0.0 0.0
0 0 -0.029708778507225527 0.000224339404638989 3.129387755102046 0.0 0.0
0 0 -0.029708778507225527 0.000224339404638989 3.129387755102046 0.0 0.0
0 0 -0.029708778507225527 0.000224339404638989 3.129387755102046 0.0 0.0
0 0 -0.029708778507225527 0.000224339404638989 3.129387755102046 0.0 0.0
0 0 -0.029708778507225527 0.000224339404638989 3.129387755102046 0.0 0.0
0 0 -0.029708778507225527 0.000224339404638989 3.129387755102046 0.0 0.0
0 0 -0.029708778507225527 0.000224339404638989 3.129387755102046 0.0 0.0
0 0 -0.029708778507225527 0.000224339404638989 3.129387755102046 0.0 0.0
0 0 -0.029708778507225527 0.000224339404638989 3.129387755102046 0.0 0.0
0 0 -0.029708778507225527 0.000224339404638989 3.129387755102046 0.0 0.0
0 0 -0.029708778507225527 0.000224339404638989 3.129387755102046 0.0 0.0
0 0 -0.029708778507225527 0.000224339404638989 3.129387755102046 0.0 0.0
0 0 -0.029708778507225527 0.000224339404638989 3.129387755102046 0.0 0.0
0 0 -0.029708778507225527 0.000224339404638989 3.129387755102046 0.0 0.0
0 0 -0.029708778507225527 0.000224339404638989 3.129387755102046 0.0 0.0
0 0 -0.029708778507225527 0.000224339404638989 3.129387755102046 0.0 0.0
0 0 -0.029708778507225527 0.000224339404638989 3.129387755102046 0.0 0.0
0 0 -0.029708778507225527 0.000224339404638989 3.129387755102046 0.0 0.0
0 0 -0.029708778507225527 0.000224339404638989 3.129387755102046 0.0 0.0
0 0 -0.029708778507225527 0.000224339404638989 3.129387755102046 0.0 0.0
0 0 -0.029708778507225527 0.000224339404638989 3.129387755102046 0.0 0.0
0 0 -0.029708778507225527 0.000224339404638989 3.129387755102046 0.0 0.0
0 0 -0.029708778507225527 0.000224339404638989 3.129387755102046 0.0 0.0
0 0 -0.029708778507225527 0.000224339404638989 3.129387755102046 0.0 0.0
0 0 -0.029708778507225527 0.000224339404638989 3.129387755102046 0.0 0.0
0 0 -0.029708778507225527 0.000224339404638989 3.129387755102046 0.0 0.0
0 0 -0.029708778507225527 0.000224339404638989 3.129387755102046 0.0 0.0
0 0 -0.029708778507225527 0.000224339404638989 3.129387755102046 0.0 0.0
0 0 -0.029708778507225527 0.000224339404638989 3.129387755102046 0.0 0.0
0 0 -0.029708778507225527 0.000224339404638989 3.129387755102046 0.0 0.0
0 0 -0.029708778507225527 0.000224339404638989 3.129387755102046 0.0 0.0
0 0 -0.029708778507225527 0.000224339404638989 3.129387755102046 0.0 0.0
0 0 -0.029708778507225527 0.000224339404638989 3.129387755102046 0.0 0.0
0 0 -0.029708778507225527 0.000224339404638989 3.129387755102046 0.0 0.0
0 0 -0.029708778507225527 0.000224339404638989 3.129387755102046 0.0 0.0
0 0 -0.029708778507225527 0.000224339404638989 3.129387755102046 0.0 0.0
0 0 -0.029708778507225527 0.000224339404638989 3.129387755102046 0.0 0.0
0 0 -0.029708778507225527 0.000224339404638989 3.129387755102046 0.0 0.0
0 0 -0.029708778507225527 0.000224339404638989 3.129387755102046 0.0 0.0
0 0 -0.029708778507225527 0.000224339404638989 3.129387755102046 0.0 0.0
0 0 -0.029708778507225527 0.000224339404638989 3.129387755102046 0.0 0.0
0 0 -0.029708778507225527 0.000224339404638989 3.129387755102046 0.0 0.0
0 0 -0.029708778507225527 0.000224339404638989 3.129387755102046 0.0 0.0
0 0 -0.029708778507225527 0.000224339404638989 3.129387755102046 0.0 0.0
0 0 -0.029708778507225527 0.000224339404638989 3.129387755102046 0.0 0.0
0 0 -0.029708778507225527 0.000224339404638989 3.129387755102046 0.0 0.0
0 0 -0.029708778507225527 0.000224339404638989 3.129387755102046 0.0 0.0
0 0 -0.029708778507225527 0.000224339404638989 3.129387755102046 0.0 0.0
0 0 -0.029708778507225527 0.000224339404638989 3.129387755102046 0.0 0.0
0 0 -0.029708778507225527 0.000224339404638989 3.129387755102046 0.0 0.0
0 0 -0.029708778507225527 0.000224339404638989 3.129387755102046 0.0 0.0
0 0 -0.029708778507225527 0.000224339404638989 3.129387755102046 0.0 0.0
0 0 -0.029708778507225527 0.000224339404638989 3.129387755102046 0.0 0.0
0 0 -0.029708778507225527 0.000224339404638989 3.129387755102046 0.0 0.0
0 0 -0.029708778507225527 0.000224339404638989 3.129387755102046 0.0 0.0
0 0 -0.029708778507225527 0.000224339404638989 3.129387755102046 0.0 0.0
0 0 -0.029708778507225527 0.000224339404638989 3.129387755102046 0.0 0.0
0 0 -0.029708778507225527 0.000224339404638989 3.129387755102046 0.0 0.0
0 0 -0.029708778507225527 0.000224339404638989 3.129387755102046 0.0 0.0
0 0 -0.029708778507225527 0.000224339404638989 3.129387755102046 0.0 0.0
0 0 -0.029708778507225527 0.000224339404638989 3.129387755102046 0.0 0.0
0 0 -0.029708778507225527 0.000224339404638989 3.129387755102046 0.0 0.0
0 0 -0.029708778507225527 0.000224339404638989 3.129387755102046 0.0 0.0
0 0 -0.029708778507225527 0.000224339404638989 3.129387755102046 0.0 0.0
0 0 -0.029708778507225527 0.000224339404638989 3.129387755102046 0.0 0.0
0 0 -0.029708778507225527 0.000224339404638989 3.129387755102046 0.0 0.0
0 0 -0.029708778507225527 0.000224339404638989 3.129387755102046 0.0 0.0
0 0 -0.029708778507225527 0.000224339404638989 3.129387755102046 0.0 0.0
0 0 -0.029708778507225527 0.000224339404638989 3.129387755102046 0.0 0.0
0 0 -0.029708778507225527 0.000224339404638989 3.129387755102046 0.0 0.0
0 0 -0.029708778507225527 0.000224339404638989 3.129387755102046 0.0 0.0
0 0 -0.029708778507225527 0.000224339404638989 3.129387755102046 0.0 0.0
0 0 -0.029708778507225527 0.000224339404638989 3.129387755102046 0.0 0.0
0 0 -0.029708778507225527 0.000224339404638989 3.129387755102046 0.0 0.0
0 0 -0.029708778507225527 0.000224339404638989 3.129387755102046 0.0 0.0
0 0 -0.029708778507225527 0.000224339404638989 3.129387755102046 0.0 0.0
0 0 -0.029708778507225527 0.000224339404638989 3.129387755102046 0.0 0.0
0 0 -0.029708778507225527 0.000224339404638989 3.129387755102046 0.0 0.0
0 0 -0.029708778507225527 0.000224339404638989 3.129387755102046 0.0 0.0
0 0 -0.029708778507225527 0.000224339404638989 3.129387755102046 0.0 0.0
0 0 -0.029708778507225527 0.000224339404638989 3.129387755102046 0.0 0.0
0 0 -0.029708778507225527 0.000224339404638989 3.129387755102046 0.0 0.0
0 0 -0.029708778507225527 0.000224339404638989 3.129387755102046 0.0 0.0
0 0 -0.029708778507225527 0.000224339404638989 3.129387755102046 0.0 0.0
0 0 -0.029708778507225527 0.000224339404638989 3.129387755102046 0.0 0.0
0 0 -0.029708778507225527 0.000224339404638989 3.129387755102046 0.0 0.0
0 0 -0.029708778507225527 0.000224339404638989 3.129387755102046 0.0 0.0
0 0 -0.029708778507225527 0.000224339404638989 3.129387755102046 0.0 0.0
0 0 -0.029708778507225527 0.000224339404638989 3.129387755102046 0.0 0.0
0 0 -0.029708778507225527 0.000224339404638989 3.129387755102046 0.0 0.0
0 0 -0.029708778507225527 0.000224339404638989 3.129387755102046 0.0 0.0
0 0 -0.029708778507225527 0.000224339404638989 3.129387755102046 0.0 0.0
0 0 -0.029708778507225527 0.000224339404638989 3.129387755102046 0.0 0.0
0 0 -0.029708778507225527 0.000224339404638989 3.129387755102046 0.0 0.0
0 0 -0.029708778507225527 0.000224339404638989 3.129387755102046 0.0 0.0
0 0 -0.029708778507225527 0.000224339404638989 3.129387755102046 0.0 0.0
0 0 -0.029708778507225527 0.000224339404638989 3.129387755102046 0.0 0.0
0 0 -0.029708778507225527 0.000224339404638989 3.129387755102046 0.0 0.0
0 0 -0.029708778507225527 0.000224339404638989 3.129387755102046 0.0 0.0
0 0 -0.029708778507225527 0.000224339404638989 3.129387755102046 0.0 0.0
0 0 -0.029708778507225527 0.000224339404638989 3.129387755102046 0.0 0.0
0 0 -0.029708778507225527 0.000224339404638989 3.129387755102046 0.0 0.0
0 0 -0.029708778507225527 0.000224339404638989 3.129387755102046 0.0 0.0
0 0 -0.029708778507225527 0.000224339404638989 3.129387755102046 0.0 0.0
0 0 -0.029708778507225527 0.000224339404638989 3.129387755102046 0.0 0.0
0 0 -0.029708778507225527 0.000224339404638989 3.129387755102046 0.0 0.0
0 0 -0.029708778507225527 0.000224339404638989 3.129387755102046 0.0 0.0
0 0 -0.029708778507225527 0.000224339404638989 3.129387755102046 0.0 0.0
0 0 -0.029708778507225527 0.000224339404638989 3.129387755102046 0.0 0.0
0 0 -0.029708778507225527 0.000224339404638989 3.129387755102046 0.0 0.0
0 0 -0.029708778507225527 0.000224339404638989 3.129387755102046 0.0 0.0
0 0 -0.029708778507225527 0.000224339404638989 3.129387755102046 0.0 0.0
0 0 -0.029708778507225527 0.000224339404638989 3.129387755102046 0.0 0.0
0 0 -0.029708778507225527 0.000224339404638989 3.129387755102046 0.0 0.0
0 0 -0.029708778507225527 0.000224339404638989 3.129387755102046 0.0 0.0
0 0 -0.029708778507225527 0.000224339404638989 3.129387755102046 0.0 0.0
0 0 -0.029708778507225527 0.000224339404638989 3.129387755102046 0.0 0.0
0 0 -0.029708778507225527 0.000224339404638989 3.129387755102046 0.0 0.0
0 0 -0.029708778507225527 0.000224339404638989 3.129387755102046 0.0 0.0
0 0 -0.029708778507225527 0.000224339404638989 3.129387755102046 0.0 0.0
0 0 -0.029708778507225527 0.000224339404638989 3.129387755102046 0.0 0.0
0 0 -0.029708778507225527 0.000224339404638989 3.129387755102046 0.0 0.0
0 0 -0.029708778507225527 0.000224339404638989 3.129387755102046 0.0 0.0
0 0 -0.029708778507225527 0.000224339404638989 3.129387755102046 0.0 0.0
0 0 -0.029708778507225527 0.000224339404638989 3.129387755102046 0.0 0.0
0 0 -0.029708778507225527 0.000224339404638989 3.129387755102046 0.0 0.0
0 0 -0.029708778507225527 0.000224339404638989 3.129387755102046 0.0 0.0
0 0 -0.029708778507225527 0.000224339404638989 3.129387755102046 0.0 0.0
0 0 -0.029708778507225527 0.000224339404638989 3.129387755102046 0.0 0.0
0 0 -0.029708778507225527 0.000224339404638989 3.129387755102046 0.0 0.0
0 0 -0.029708778507225527 0.000224339404638989 3.129387755102046 0.0 0.0
0 0 -0.029708778507225527 0.000224339404638989 3.129387755102046 0.0 0.0
0 0 -0.029708778507225527 0.000224339404638989 3.129387755102046 0.0 0.0
0 0 -0.029708778507225527 0.000224339404638989 3.129387755102046 0.0 0.0
0 0 -0.029708778507225527 0.000224339404638989 3.129387755102046 0.0 0.0
0 0 -0.029708778507225527 0.000224339404638989 3.129387755102046 0.0 0.0
0 0 -0.029708778507225527 0.000224339404638989 3.129387755102046 0.0 0.0
0 0 -0.029708778507225527 0.000224339404638989 3.129387755102046 0.0 0.0
0 0 -0.029708778507225527 0.000224339404638989 3.129387755102046 0.0 0.0
0 0 -0.029708778507225527 0.000224339404638989 3.129387755102046 0.0 0.0
0 0 -0.029708778507225527 0.000224339404638989 3.129387755102046 0.0 0.0
0 0 -0.029708778507225527 0.000224339404638989 3.129387755102046 0.0 0.0
0 0 -0.029708778507225527 0.000224339404638989 3.129387755102046 0.0 0.0
0 0 -0.029708778507225527 0.000224339404638989 3.129387755102046 0.0 0.0
0 0 -0.029708778507225527 0.000224339404638989 3.129387755102046 0.0 0.0
0 0 -0.029708778507225527 0.000224339404638989 3.129387755102046 0.0 0.0
0 0 -0.029708778507225527 0.000224339404638989 3.129387755102046 0.0 0.0
0 0 -0.029708778507225527 0.000224339404638989 3.129387755102046 0.0 0.0
0 0 -0.029708778507225527 0.000224339404638989 3.129387755102046 0.0 0.0
0 0 -0.029708778507225527 0.000224339404638989 3.129387755102046 0.0 0.0
0 0 -0.029708778507225527 0.000224339404638989 3.129387755102046 0.0 0.0
0 0 -0.029708778507225527 0.000224339404638989 3.129387755102046 0.0 0.0
0 0 -0.029708778507225527 0.000224339404638989 3.129387755102046 0.0 0.0
0 0 -0.029708778507225527 0.000224339404638989 3.129387755102046 0.0 0.0
0 0 -0.029708778507225527 0.000224339404638989 3.129387755102046 0.0 0.0
0 0 -0.029708778507225527 0.000224339404638989 3.129387755102046 0.0 0.0
0 0 -0.029708778507225527 0.000224339404638989 3.129387755102046 0.0 0.0
0 0 -0.029708778507225527 0.000224339404638989 3.129387755102046 0.0 0.0
0 0 -0.029708778507225527 0.000224339404638989 3.129387755102046 0.0 0.0
0 0 -0.029708778507225527 0.000224339404638989 3.129387755102046 0.0 0.0
0 0 -0.029708778507225527 0.000224339404638989 3.129387755102046 0.0 0.0
0 0 -0.029708778507225527 0.000224339404638989 3.129387755102046 0.0 0.0
0 0 -0.029708778507225527 0.000224339404638989 3.129387755102046 0.0 0.0
0 0 -0.029708778507225527 0.000224339404638989 3.129387755102046 0.0 0.0
0 0 -0.029708778507225527 0.000224339404638989 3.129387755102046 0.0 0.0
0 0 -0.029708778507225527 0.000224339404638989 3.129387755102046 0.0 0.0
0 0 -0.029708778507225527 0.000224339404638989 3.129387755102046 0.0 0.0
0 0 -0.029708778507225527 0.000224339404638989 3.129387755102046 0.0 0.0
0 0 -0.029708778507225527 0.000224339404638989 3.129387755102046 0.0 0.0
0 0 -0.029708778507225527 0.000224339404638989 3.129387755102046 0.0 0.0
0 0 -0.029708778507225527 0.000224339404638989 3.129387755102046 0.0 0.0
0 0 -0.029708778507225527 0.000224339404638989 3.129387755102046 0.0 0.0
0 0 -0.029708778507225527 0.000224339404638989 3.129387755102046 0.0 0.0
0 0 -0.029708778507225527 0.000224339404638989 3.129387755102046 0.0 0.0
0 0 -0.029708778507225527 0.000224339404638989 3.129387755102046 0.0 0.0
0 0 -0.029708778507225527 0.000224339404638989 3.129387755102046 0.0 0.0
0 0 -0.029708778507225527 0.000224339404638989 3.129387755102046 0.0 0.0
0 0 -0.029708778507225527 0.000224339404638989 3.129387755102046 0.0 0.0
