119.7278066649218 325.2032520325203 0.0 0.0 0.0 0 0
119.7278066649218 325.2032520325203 0.0 0.0 0.0 0.0 0.0
119.7278066649218 325.2032520325203 0.0 0.0 0.0 0.0 0.0
120.5515588473986 325.2032520325203 -0.0009993519049394405 6.794168007286383e-06 -0.013596938775510381 0.0 -13.0
123.4772151412791 325.2032520325203 -0.004533095436532127 0.00013991334553949052 -0.06170918367346978 0.0 -46.0
126.75917288117836 325.2032520325203 -0.00897423660687393 0.0005357879059687453 -0.11609693877551042 -3.0 -55.0
130.11091343849012 325.2032520325203 -0.016883677942370647 0.0017023052698926311 -0.17676020408163318 -23.0 -81.0
133.22346102570802 325.2032520325203 -0.023056772408118254 0.0029790859007984482 -0.2311479591836738 -15.0 -67.0
135.71009884624254 325.2032520325203 -0.0294556379999761 0.004641357148169861 -0.27716836734693917 -21.0 -65.0
137.83822321396062 325.2032520325203 -0.03621624180232911 0.006718492790733936 -0.31900510204081645 -26.0 -66.0
140.0139700152856 325.2032520325203 -0.043100209007104415 0.009157064153069498 -0.36188775510204074 -27.0 -68.0
142.14753108570335 325.2032520325203 -0.04966080239340551 0.011798819378222332 -0.403724489795918 -26.0 -66.0
144.22126104240647 325.2032520325203 -0.05652544941065212 0.014902689606035864 -0.4455612244897953 -29.0 -69.0
146.34661343794457 325.2032520325203 -0.06297962593891716 0.018152657975803878 -0.48739795918367257 -27.0 -67.0
148.43586131326117 325.2032520325203 -0.06956084777441922 0.021819387883284254 -0.5292346938775498 -29.0 -69.0
150.60671157032067 325.2032520325203 -0.07604640153945616 0.025801749651310886 -0.5721173469387741 -29.0 -70.0
152.58106738909584 325.2032520325203 -0.08217056162544989 0.029919887973553272 -0.6118622448979583 -29.0 -67.0
154.21283407911034 325.2032520325203 -0.08782684415765767 0.03403634725993838 -0.6463775510204073 -29.0 -62.0
156.04663679736083 325.2032520325203 -0.09363336054436171 0.038591428757665656 -0.6840306122448974 -30.0 -66.0
158.21471303571568 325.2032520325203 -0.09937140065298429 0.043473260870135165 -0.7258673469387746 -29.0 -69.0
160.30869779645627 325.2032520325203 -0.10495935901128814 0.04864011042053696 -0.7666581632653049 -30.0 -69.0
162.25316486282932 325.2032520325203 -0.11033760257491458 0.054024913950930224 -0.805357142857142 -31.0 -68.0
164.12088235023964 325.2032520325203 -0.11555861717166083 0.05966748985476728 -0.8430102040816321 -32.0 -68.0
166.3244181170051 325.2032520325203 -0.12075101151513219 0.06574688669836012 -0.8848469387755094 -32.0 -72.0
167.9399483812132 325.2032520325203 -0.1253293440034616 0.07153508776832197 -0.9183163265306113 -32.0 -64.0
169.36259268032043 325.2032520325203 -0.13012563664445992 0.07802744811857446 -0.9507397959183663 -37.0 -68.0
171.44580867991772 325.2032520325203 -0.1356271479281025 0.0860929290937909 -0.9936224489795906 -43.0 -84.0
173.63476325659002 325.2032520325203 -0.14061561186473867 0.0941256167942748 -1.036505102040815 -41.0 -82.0
175.80012294854242 325.2032520325203 -0.14443944341358547 0.10088311865714311 -1.075204081632652 -32.0 -69.0
177.93305566905073 325.2032520325203 -0.14893679971660706 0.10963522619097014 -1.1170408163265293 -44.0 -84.0
179.20068745688855 325.2032520325203 -0.1522413934705639 0.11666126200513552 -1.1452806122448962 -37.0 -64.0
180.8753482771006 325.2032520325203 -0.1551819589296027 0.12343012267596543 -1.1766581632653041 -33.0 -63.0
182.5669900428277 325.2032520325203 -0.15816043254415935 0.13093237973254612 -1.2090816326530591 -37.0 -68.0
184.5741600429859 325.2032520325203 -0.16078235065691365 0.13824066712089067 -1.2435969387755081 -34.0 -67.0
186.8841335535659 325.2032520325203 -0.16309603316841723 0.14549107994545366 -1.2802040816326512 -32.0 -67.0
188.9934188245398 325.2032520325203 -0.16523348137020924 0.15311525325803524 -1.3147193877551002 -35.0 -68.0
190.7988139753391 325.2032520325203 -0.16717353288951997 0.16102969111962212 -1.3460969387755082 -38.0 -68.0
192.7780554501902 325.2032520325203 -0.16873672684762606 0.16839948173481878 -1.3774744897959161 -34.0 -64.0
194.36753648077394 325.2032520325203 -0.17008345178212408 0.1758118849222676 -1.404668367346936 -36.0 -62.0
196.55030526154766 325.2032520325203 -0.17124310231944476 0.1834891715374668 -1.437091836734691 -35.0 -66.0
198.65692179615317 325.2032520325203 -0.1721844492670531 0.1914285601111687 -1.468469387755099 -37.0 -67.0
200.7136164684144 325.2032520325203 -0.1728871124693584 0.19946979325290456 -1.4988010204081599 -38.0 -67.0
202.39611296701813 325.2032520325203 -0.17338963666861693 0.20806511578490763 -1.5259948979591798 -43.0 -69.0
203.79256824323255 325.2032520325203 -0.1736692458504348 0.21659365850749912 -1.5500510204081595 -44.0 -67.0
205.783325082941 325.2032520325203 -0.1737247622260172 0.22497284959749506 -1.5782908163265272 -41.0 -68.0
207.9149984410457 325.2032520325203 -0.17355030717643266 0.23304283915457005 -1.6065306122448941 -39.0 -66.0
209.66749116631004 325.2032520325203 -0.17317960338765312 0.24079835962979346 -1.6305867346938738 -39.0 -62.0
211.8388948216696 325.2032520325203 -0.1725821248905307 0.24892517610415638 -1.6577806122448937 -40.0 -66.0
214.09193221822915 325.2032520325203 -0.1717484565829337 0.25718571503348225 -1.6849744897959145 -41.0 -67.0
216.05259238686008 325.2032520325203 -0.1707130851937747 0.265345918016689 -1.7090306122448942 -42.0 -65.0
218.0906363530439 325.2032520325203 -0.16945871346898236 0.27363087287273175 -1.7330867346938739 -43.0 -66.0
219.8136750208973 325.2032520325203 -0.1680315829477927 0.2818097972962418 -1.7540051020408125 -44.0 -64.0
221.76433314700066 325.20325203252037 -0.16641459213098433 0.29003167458120427 -1.7759693877550982 -44.0 -65.0
223.1412520317156 325.2032520325203 -0.1647528649076245 0.29769482433816746 -1.7927040816326496 -43.0 -59.0
225.32036868541428 325.2032520325203 -0.162889953938925 0.30554878695192644 -1.8146683673469353 -42.0 -63.0
228.33352828201035 325.20325203252025 -0.1606975571098772 0.31387498032849304 -1.8418622448979551 -43.0 -69.0
231.2230986919717 325.2032520325203 -0.15833124541875 0.32199339969699914 -1.8669642857142819 -43.0 -67.0
233.43586450896933 325.2032520325203 -0.15566715654637261 0.3304230664087203 -1.8868367346938735 -48.0 -67.0
235.97066086738198 325.2032520325203 -0.15290567541928993 0.33857820724041454 -1.9077551020408121 -46.0 -66.0
237.9941247407432 325.2032520325203 -0.15004320464910875 0.34653524344445175 -1.9244897959183636 -47.0 -63.0
240.45665104563057 325.2032520325203 -0.146875886005308 0.35487130359650393 -1.9433163265306082 -49.0 -67.0
243.0793706584016 325.2032520325203 -0.14355219883344192 0.3631462603839182 -1.9621428571428527 -49.0 -67.0
246.23770129545053 325.2032520325203 -0.14006473509239897 0.3713535378195183 -1.9830612244897914 -48.0 -68.0
249.05221433576565 325.2032520325203 -0.13645055511937204 0.37942164500232123 -2.00084183673469 -49.0 -66.0
252.244212496159 325.2032520325203 -0.13265660716360528 0.38749182251950964 -2.0196683673469344 -49.0 -67.0
255.26406691613772 325.2032520325203 -0.12865189734668575 0.39563122519076066 -2.036403061224485 -51.0 -67.0
258.6997544887048 325.2032520325203 -0.12440195334192083 0.4039054535216679 -2.0541836734693835 -52.0 -69.0
262.58457920871336 325.2032520325203 -0.12011038931393271 0.41189732781723704 -2.073010204081628 -50.0 -68.0
266.51812845058583 325.2032520325203 -0.11586128589843239 0.41947406309240726 -2.0907908163265265 -48.0 -65.0
271.7811182826441 325.2032520325203 -0.11029463403327522 0.42895357701864667 -2.112755102040812 -61.0 -82.0
276.1649280928234 325.2032520325203 -0.10563109160999923 0.4365544439636935 -2.1294897959183636 -50.0 -66.0
280.40534045737036 325.2032520325203 -0.10084887970837282 0.44408121322931754 -2.14413265306122 -51.0 -65.0
284.5252149531744 325.2032520325203 -0.09579635448486994 0.45179954296222397 -2.1566836734693835 -54.0 -66.0
288.0269922773427 325.2032520325203 -0.09049228050088726 0.45972010830962423 -2.1650510204081588 -58.0 -66.0
291.32761094092854 325.2032520325203 -0.08504387673949725 0.4677287496123279 -2.171326530612241 -60.0 -66.0
294.6166372057665 325.2032520325203 -0.07959309948117925 0.47564260551010795 -2.176556122448975 -60.0 -65.0
298.9538135415356 325.2032520325203 -0.07413268211889663 0.48345620893488467 -2.1849234693877513 -58.0 -66.0
303.13447803797885 325.2032520325203 -0.06852621330748185 0.4913550029269529 -2.1911989795918334 -60.0 -66.0
308.1150111719235 325.2032520325203 -0.06255172817749495 0.4996521935100473 -2.1985204081632617 -63.0 -70.0
314.023369907455 325.2032520325203 -0.056689792961525376 0.5076510762626197 -2.207933673469384 -60.0 -69.0
318.8949566185967 325.2032520325203 -0.05081947532785471 0.5155482258040566 -2.212117346938772 -62.0 -66.0
322.5810675945441 325.2032520325203 -0.04498273385741968 0.5233745313675348 -2.211071428571425 -64.0 -63.0
325.2032520325203 323.18436052243493 -0.03914599238698465 0.5312008369310129 -2.212117346938772 -63.0 -64.0
325.2032520325203 318.75502536293925 -0.033125416539528045 0.539273640307514 -2.211071428571425 -66.0 -65.0
325.2032520325203 313.3310963670617 -0.02701292350356065 0.5474696925905266 -2.212117346938772 -66.0 -67.0
325.2032520325203 306.814271550088 -0.01933783826290986 0.557760976284234 -2.211071428571425 -84.0 -83.0
325.2032520325203 302.5433479087596 -0.013475783612391014 0.5656642613780625 -2.206887755102038 -66.0 -62.0
325.2032520325203 296.21908319039875 -0.005916378760796198 0.5759455502005878 -2.2027040816326497 -85.0 -81.0
325.2032520325203 288.700592183788 -8.744008004838745e-05 0.5838732909794025 -2.206887755102038 -62.0 -66.0
325.2032520325203 284.12564198315954 0.0054188086065283065 0.5913703640027362 -2.2016581632653036 -63.0 -58.0
325.2032520325203 281.14825104296585 0.010952106993596522 0.5990379224863928 -2.1901530612244873 -67.0 -56.0
325.2032520325203 277.56801452079543 0.016445166038755645 0.6068286129934272 -2.179693877551018 -67.0 -57.0
325.2032520325203 271.693175023893 0.023127045102446526 0.6165081892080057 -2.1702806122448957 -81.0 -72.0
325.2032520325203 265.75581457691175 0.028316001065675125 0.624135466639152 -2.1660969387755085 -62.0 -58.0
325.20325203252037 261.3647900352729 0.03332455913610828 0.6316062850478489 -2.156683673469386 -63.0 -54.0
325.20325203252025 256.71048742415434 0.03846949759073406 0.6394478767141252 -2.146224489795917 -66.0 -56.0
325.2032520325203 251.76069346249966 0.0435321394817048 0.6473428503458917 -2.1357653061224475 -66.0 -56.0
325.2032520325203 248.42694316262362 0.04816984241280844 0.6547789128513668 -2.121122448979591 -64.0 -50.0
325.2032520325203 245.39288405318248 0.05276962323527167 0.6624185347422263 -2.1043877551020405 -66.0 -50.0
325.2032520325203 240.97345865640426 0.05748067779130683 0.6705282151633379 -2.089744897959184 -68.0 -54.0
325.2032520325203 235.8596205653232 0.06288030978996896 0.6801920070836467 -2.0709183673469393 -81.0 -63.0
325.20325203252037 232.10182456484927 0.06701831930759032 0.68791730263104 -2.054183673469389 -65.0 -49.0
325.2032520325203 227.79909983154676 0.07099535509762958 0.695640319113631 -2.0384948979591844 -64.0 -49.0
325.2032520325203 223.72140065439166 0.07491069052191018 0.7035666548941792 -2.020714285714286 -66.0 -49.0
325.2032520325203 220.23647866546293 0.07945900941154624 0.7133208438162876 -1.9935204081632651 -83.0 -57.0
325.2032520325203 217.4682368535232 0.08360806409717969 0.7229173207852394 -1.9642346938775503 -82.0 -54.0
325.2032520325203 214.92980299041687 0.08670253146408952 0.7306215908976595 -1.9412244897959177 -65.0 -43.0
325.2032520325203 211.79027156887537 0.08980361445897633 0.7389004757651673 -1.917168367346938 -69.0 -46.0
325.2032520325203 208.7597736555964 0.09260375555784227 0.7469610856733607 -1.8931122448979583 -67.0 -44.0
325.2032520325203 204.3248362867141 0.0958165284016296 0.7570716577252637 -1.8638265306122435 -83.0 -55.0
325.2032520325203 200.46468606856277 0.09806311983542661 0.7648245921984304 -1.8418622448979578 -63.0 -42.0
325.2032520325203 195.4356492206696 0.10056871621148122 0.7743402417716493 -1.814668367346938 -77.0 -51.0
325.2032520325203 191.57272428297176 0.10247217689481215 0.7824215995583713 -1.7895663265306112 -66.0 -42.0
325.2032520325203 188.3565799871453 0.10404627295772606 0.7899462176772342 -1.7644642857142845 -62.0 -38.0
325.2032520325203 183.71052736859568 0.10542890545844907 0.7974301965827743 -1.7424999999999988 -60.0 -39.0
325.2032520325203 180.56750731944902 0.10663929340649901 0.8050218115140794 -1.715306122448979 -63.0 -37.0
325.2032520325203 178.73346937462077 0.10765238881912366 0.8128748581331021 -1.682882653061224 -67.0 -36.0
325.2032520325203 175.7061356648852 0.10843669235417956 0.8209857763627109 -1.651505102040816 -68.0 -38.0
325.2032520325203 171.76539106797773 0.10894191669785241 0.8285025667299527 -1.6243112244897961 -62.0 -36.0
325.2032520325203 168.81733370101384 0.10923263567303586 0.8361845676885226 -1.5929336734693882 -65.0 -35.0
325.2032520325203 165.88676456891375 0.1092688073462074 0.8444869888932109 -1.5573724489795921 -71.0 -37.0
325.2032520325203 162.8160581021874 0.109014571021691 0.8526317719138811 -1.521811224489796 -70.0 -36.0
325.2032520325203 160.73991610118063 0.10851194843414647 0.8601487367000823 -1.48625 -66.0 -32.0
325.2032520325203 157.36951367079152 0.10777734416343426 0.8674148217072286 -1.453826530612245 -63.0 -32.0
325.2032520325203 154.89401367400023 0.10682058084607333 0.8744998881744664 -1.419311224489796 -63.0 -30.0
325.2032520325203 151.3803182906081 0.10555145584595947 0.881925971314089 -1.38375 -66.0 -32.0
325.2032520325203 147.22285223962797 0.10401910827574883 0.8893022373062133 -1.348188775510204 -66.0 -32.0
325.2032520325203 143.71405708700237 0.10219557879329268 0.8966911718110819 -1.309489795918367 -68.0 -31.0
325.2032520325203 140.7006563944211 0.09998645798373579 0.9042948872689622 -1.2666071428571426 -72.0 -31.0
325.2032520325203 137.3781600800757 0.09760834797187781 0.911362388774949 -1.2258163265306123 -68.0 -29.0
325.2032520325203 135.5897333938461 0.0951637463952984 0.9177526295096483 -1.1850255102040812 -64.0 -25.0
325.2032520325203 132.2913533266618 0.09243353910997945 0.9241099142871056 -1.145280612244898 -64.0 -26.0
325.2032520325203 127.8164099682038 0.0893501560122856 0.9305602097503756 -1.1044897959183668 -66.0 -27.0
325.2032520325203 121.8623374359169 0.08604552296725711 0.9368131815788509 -1.0647448979591836 -65.0 -27.0
325.2032520325203 113.80510566180332 0.08257848616889876 0.9428005647636261 -1.0270918367346935 -63.0 -27.0
325.2032520325203 103.92707777567031 0.0788885167422123 0.948653190430164 -0.9894387755102034 -63.0 -27.0
325.2032520325203 90.275432183539 0.07407604562841567 0.9556064835953753 -0.941326530612244 -78.0 -32.0
325.2032520325203 82.39412023350481 0.07016068623370332 0.960741585060803 -0.8973979591836727 -63.0 -21.0
325.2032520325203 71.97690656283805 0.06484144393192655 0.9670158633440491 -0.837780612244897 -82.0 -25.0
325.2032520325203 63.41074911261149 0.06045683108362423 0.9716513294005668 -0.7886224489795906 -65.0 -18.0
325.2032520325203 55.757222354989445 0.055782562618585066 0.9761067217027934 -0.7342346938775499 -68.0 -16.0
325.2032520325203 -20.81689966076816 0.05128012586248555 0.9799495154323539 -0.6788010204081623 -65.0 -12.0
325.20325203252025 -23.8746163416945 0.04669033873312234 0.9834389689350899 -0.6212755102040806 -65.0 -10.0
325.2032520325203 -35.74708716385321 0.04159406188289846 0.9868814189733435 -0.5668877551020399 -66.0 -14.0
325.2032520325203 -37.152220495595586 0.036901485738318134 0.9896690447808973 -0.5051785714285701 -65.0 -6.0
325.2032520325203 -25.589085330910148 0.03258841577397591 0.991872062540316 -0.43928571428571317 -63.0 0.0
325.2032520325203 -4.783297496095896 0.02792466112012991 0.9938701445184215 -0.37025510204081513 -66.0 0.0
325.2032520325203 40.29351078579108 0.022987230343313028 0.9955872739760168 -0.29913265306122305 -68.0 0.0
325.2032520325203 186.38514059886234 0.017865316365730802 0.99696654601114 -0.22696428571428395 -69.0 0.0
219.11764705882072 -219.11764705882072 0.012733279465030004 0.9979610074230838 -0.15584183673469187 -68.0 0.0
116.17647058823191 -116.17647058823191 0.007390236546727343 0.9986011198629534 -0.08262755102040575 -70.0 0.0
0 0 0.0028606889227982537 0.9988358377003312 -0.020918367346935973 -59.0 0.0
325.2032520325203 131.09244861873043 -0.00886355615645082 0.9978957415151838 0.18094387755102323 -173.0 20.0
325.2032520325203 131.09244861873043 -0.00886355615645082 0.9978957415151838 0.18094387755102323 0.0 0.0
325.2032520325203 131.09244861873043 -0.00886355615645082 0.9978957415151838 0.18094387755102323 0.0 0.0
325.2032520325203 131.22252283382494 -0.009014767054082135 0.9978679147845542 0.1830357142857171 -2.0 0.0
325.2032520325203 132.72169184363833 -0.010749360111566764 0.9975252007046697 0.2070918367346967 -23.0 0.0
325.2032520325203 135.7013080252569 -0.014490881908064572 0.9966446164049959 0.2552040816326559 -48.0 -2.0
325.2032520325203 137.58134606113012 -0.020338265013659297 0.9950042024078506 0.2918112244897988 -57.0 -22.0
325.2032520325203 140.3854447881046 -0.026109948756206505 0.9931146220201345 0.34096938775510494 -63.0 -16.0
325.2032520325203 142.83155540142036 -0.03221745624950664 0.9907916048312382 0.38594387755102333 -64.0 -21.0
325.2032520325203 145.27065092977364 -0.03884780968610801 0.9879180874103325 0.43196428571428863 -69.0 -25.0
325.2032520325203 147.70087117826588 -0.045477058807415774 0.984675024646888 0.47798469387755393 -70.0 -26.0
325.2032520325203 150.03167035950227 -0.051683934465099 0.9812846041980263 0.5219132653061254 -67.0 -25.0
325.2032520325203 152.4282527898958 -0.05747280348120703 0.977784001319329 0.5658418367346968 -65.0 -23.0
325.2032520325203 155.1797176207008 -0.06353955632612265 0.9737182732560747 0.6150000000000029 -71.0 -24.0
325.2032520325203 157.84584621073236 -0.06915683950869012 0.9695487530453707 0.6620663265306151 -68.0 -23.0
325.2032520325203 159.88108834459547 -0.07488631852040722 0.9648971436191298 0.7018112244897988 -67.0 -29.0
325.2032520325203 161.89130298877154 -0.08025578416000491 0.9601767197360654 0.7405102040816356 -65.0 -28.0
325.2032520325203 163.87416714382513 -0.08566151641516183 0.9550402770418284 0.7792091836734724 -67.0 -30.0
325.2032520325203 166.08654564303666 -0.09112385038492703 0.94941461182203 0.8210459183673499 -71.0 -31.0
325.2032520325203 167.66228195677607 -0.09616478672016839 0.9438158307112396 0.8545153061224519 -65.0 -33.0
325.2032520325203 169.3895777784371 -0.10120725945504976 0.9378109435115932 0.8900765306122478 -68.0 -34.0
325.2032520325203 170.9314834143214 -0.10613425955451941 0.9315145401716041 0.9235459183673498 -68.0 -36.0
325.2032520325203 173.06570770645396 -0.11082751686835672 0.9250420320962045 0.9632908163265335 -71.0 -33.0
325.2032520325203 175.16469654570153 -0.11492535668958895 0.9189042712015848 1.0009438775510233 -66.0 -30.0
325.2032520325203 177.0864597193951 -0.1188764499407241 0.9124897368316298 1.0365051020408191 -66.0 -32.0
325.2032520325203 179.39050284419048 -0.12273457179323555 0.9056633104360936 1.0762500000000028 -70.0 -32.0
325.2032520325203 181.3245226229852 -0.1264035410176069 0.8985598824023471 1.1118112244897986 -69.0 -35.0
325.2032520325203 183.01721307691645 -0.12979603817870736 0.8914053267538424 1.1442346938775538 -67.0 -36.0
325.2032520325203 184.48635197066665 -0.1328738698104604 0.884360853125772 1.1735204081632682 -64.0 -36.0
325.2032520325203 186.04956166580064 -0.13562929917012 0.8775145395889898 1.2028061224489826 -62.0 -34.0
325.2032520325203 188.27211161007824 -0.13839475116818709 0.869931173498525 1.2394132653061254 -70.0 -35.0
325.2032520325203 190.5944574230904 -0.14083345359295504 0.8623979514787611 1.2760204081632682 -69.0 -34.0
325.2032520325203 192.7745420378231 -0.14300278004732844 0.8547827872487539 1.3105357142857172 -68.0 -35.0
325.2032520325203 194.65262314541184 -0.14497592591529754 0.8468765351691515 1.3419132653061254 -68.0 -38.0
325.2032520325203 196.69772537382457 -0.14671212333378122 0.83883622888365 1.3743367346938806 -69.0 -38.0
325.2032520325203 198.8955582827114 -0.1482237533622994 0.8305161844895748 1.4078061224489826 -71.0 -39.0
325.2032520325203 200.99849575426572 -0.14941973987875895 0.8224556793679991 1.4391836734693908 -68.0 -38.0
325.2032520325203 203.05242773908302 -0.15037542464444284 0.8142857605636741 1.469515306122452 -68.0 -39.0
325.2032520325203 205.08185568031845 -0.15108053449384723 0.806167574395399 1.4988010204081663 -67.0 -39.0
325.2032520325203 207.2217300472665 -0.15153881599128827 0.798185719782021 1.5280867346938807 -66.0 -38.0
325.2032520325203 209.52613241676622 -0.15175023599583892 0.7906549369114175 1.557372448979595 -63.0 -35.0
325.2032520325203 211.92584014999807 -0.15173563964720813 0.7822755746243917 1.5877040816326562 -69.0 -40.0
325.2032520325203 214.53671468404875 -0.15145503321937473 0.7736701484273543 1.6190816326530644 -71.0 -41.0
325.2032520325203 217.11088156308315 -0.1508944619665703 0.7648473138340303 1.6494132653061255 -72.0 -43.0
325.2032520325203 219.1229786227545 -0.15017770600921368 0.756961696267015 1.6734693877551052 -63.0 -40.0
325.2032520325203 220.8895779580935 -0.14922739546351083 0.7486363833445268 1.695433673469391 -65.0 -44.0
325.2032520325203 222.48178155074456 -0.14812378186588662 0.7404851292282718 1.7153061224489827 -63.0 -44.0
325.2032520325203 225.39449034764044 -0.14654701903543024 0.7306944076643564 1.7456377551020439 -79.0 -50.0
325.2032520325203 227.37606139083138 -0.14507400418446587 0.7228362747914128 1.7665561224489827 -62.0 -42.0
325.2032520325203 228.99878525883742 -0.14343360081207268 0.7149328424489766 1.7843367346938808 -61.0 -44.0
325.2032520325203 230.6582269849548 -0.14155118401933478 0.7066099385516554 1.8021173469387788 -64.0 -47.0
325.2032520325203 232.90313337838435 -0.1395633045847953 0.6985489310709657 1.8230357142857176 -64.0 -44.0
325.2032520325203 236.2178191320192 -0.13734170979961946 0.6903897227347986 1.850229591836738 -68.0 -42.0
325.2032520325203 240.87262177960883 -0.1341898322642703 0.6800990923239753 1.8857908163265338 -87.0 -53.0
325.2032520325203 244.13016784946817 -0.1313500042389785 0.6717269941892546 1.9098469387755135 -69.0 -46.0
325.2032520325203 247.068285181757 -0.1282963197795222 0.6633486400864446 1.9307653061224523 -68.0 -48.0
325.2032520325203 249.3032187208973 -0.12506215919125432 0.6549558463364517 1.9464540816326563 -66.0 -51.0
325.2032520325203 252.2323153559916 -0.12177027597295784 0.6468338503416485 1.9652806122449011 -66.0 -48.0
325.2032520325203 255.15684134470916 -0.11817941439368708 0.6384199389958984 1.9830612244897992 -68.0 -51.0
325.2032520325203 257.7079259285516 -0.11454657919078155 0.6302759648653814 1.9977040816326563 -65.0 -51.0
325.2032520325203 260.62226008854464 -0.11075827783415407 0.622118296419557 2.0133928571428603 -66.0 -51.0
325.2032520325203 263.9418590460357 -0.10667070671790456 0.6136771641535572 2.0301275510204113 -69.0 -53.0
325.2032520325203 267.692818526597 -0.10254215842828807 0.6055136306027026 2.0479081632653093 -68.0 -51.0
325.2032520325203 271.92442236842163 -0.0982289447704776 0.5973590728009529 2.0667346938775544 -69.0 -51.0
325.2032520325203 275.3971670349669 -0.09367298314830584 0.5890734190646493 2.0803316326530648 -68.0 -55.0
325.2032520325203 280.2160096133762 -0.08909768376106494 0.581062972103517 2.09915816326531 -69.0 -51.0
325.2032520325203 283.86894548054727 -0.08315435641992205 0.5710023515900484 2.109617346938779 -81.0 -71.0
325.2032520325203 286.76708094889386 -0.07843151785920903 0.5631676220513172 2.116938775510208 -63.0 -56.0
325.2032520325203 289.8748520752308 -0.07365144497759991 0.5553676801116532 2.1242602040816365 -63.0 -56.0
325.2032520325203 295.4180762598148 -0.0675185336543989 0.5456025828123809 2.1389030612244935 -82.0 -68.0
325.2032520325203 297.75869155119625 -0.06279558688966319 0.5382203685158455 2.1409948979591875 -58.0 -56.0
325.2032520325203 304.19322045558357 -0.05749891468518649 0.5301105779747265 2.1577295918367385 -71.0 -55.0
325.2032520325203 308.8785816040066 -0.0522722424898635 0.5223232260933013 2.1660969387755142 -65.0 -57.0
325.2032520325203 314.24001163158243 -0.04693313846492226 0.514519200699219 2.1755102040816365 -66.0 -57.0
325.2032520325203 318.9714763293196 -0.04136155860180669 0.5065019625466786 2.180739795918371 -66.0 -61.0
325.2032520325203 323.0045761902221 -0.0355885757933161 0.49825028651186615 2.181785714285718 -66.0 -65.0
323.03994929425625 325.2032520325203 -0.029806965564536086 0.49000465305814705 2.1828316326530652 -66.0 -65.0
318.4161166270922 325.2032520325203 -0.02401673424023101 0.4817650712057919 2.1838775510204123 -66.0 -65.0
309.909417155372 325.2032520325203 -0.016758578660830473 0.4715505844112514 2.1932908163265346 -86.0 -77.0
304.3364586903311 325.2032520325203 -0.011233302939113211 0.4638772427441792 2.196428571428575 -63.0 -60.0
300.45118570372625 325.2032520325203 -0.005487599267581716 0.4558889707583897 2.1922448979591875 -62.0 -66.0
296.2514358901228 325.2032520325203 0.0003138875392440614 0.44775153935205964 2.1880612244898 -63.0 -67.0
290.21002517490916 325.2032520325203 0.006147129139866579 0.43954235057853325 2.189107142857147 -66.0 -65.0
284.5801777274203 325.2032520325203 0.01189131361681547 0.4314584929313202 2.1880612244898 -64.0 -65.0
280.3591138011041 325.2032520325203 0.017472970388509472 0.42354214612578533 2.181785714285718 -60.0 -66.0
275.4296591643088 325.2032520325203 0.02314080599956036 0.41540457589556745 2.1765561224489836 -62.0 -67.0
270.4380515548648 325.2032520325203 0.028591583257878417 0.4074907199977874 2.171326530612249 -60.0 -65.0
265.7685460577674 325.2032520325203 0.03378053922110707 0.3998634425666411 2.165051020408167 -57.0 -63.0
261.477833477695 325.2032520325203 0.038913514044316186 0.3921983793272215 2.1566836734693915 -56.0 -64.0
259.4500698047487 325.20325203252037 0.043743906861448724 0.38479405926236615 2.1409948979591875 -50.0 -65.0
256.12778626991246 325.20325203252037 0.0485925438267092 0.37712735878943715 2.128443877551024 -53.0 -65.0
253.49057128599495 325.2032520325203 0.05337261670831832 0.3693274168497731 2.11275510204082 -52.0 -67.0
248.67841095936308 325.2032520325203 0.05920379819180927 0.3594684093364776 2.097066326530616 -67.0 -82.0
247.52308639304977 325.2032520325203 0.0635264331721891 0.3518448838469881 2.0761479591836776 -47.0 -67.0
243.96398238088815 325.20325203252037 0.06785973256618505 0.34387556186048923 2.0615051020408206 -52.0 -66.0
242.60239891119835 325.2032520325203 0.07183755728113499 0.33623952816902786 2.040586734693882 -46.0 -66.0
238.4960566974813 325.2032520325203 0.07578601954414266 0.32832964219334976 2.0269897959183716 -51.0 -64.0
233.9240065538802 325.2032520325203 0.08069109346607829 0.3180637883043473 2.006071428571433 -64.0 -84.0
229.82211545106975 325.2032520325203 0.08451077915180014 0.3096667277316057 1.989336734693882 -52.0 -68.0
226.3456742840885 325.2032520325203 0.08797066073688974 0.3016986026897415 1.971556122448984 -48.0 -65.0
222.42275960174615 325.2032520325203 0.09112011503962662 0.2940997972418045 1.95586734693878 -46.0 -61.0
218.69137953005236 325.2032520325203 0.09505997426660132 0.28400179943717774 1.9297193877551064 -58.0 -83.0
215.56121215373955 325.2032520325203 0.09807429884358955 0.27569093319260435 1.9077551020408208 -47.0 -68.0
211.80567008529133 325.2032520325203 0.10081535024191471 0.26761003847126535 1.887882653061229 -46.0 -65.0
209.33851215592418 325.2032520325203 0.10326688149831462 0.2598388016931589 1.8648724489795963 -42.0 -64.0
206.9020654718007 325.2032520325203 0.10605546970715943 0.25008198192176356 1.833494897959188 -51.0 -81.0
205.75148009719317 325.2032520325203 0.10813164524731482 0.24188456408509326 1.8042091836734737 -41.0 -69.0
202.9796884585057 325.2032520325203 0.11033497100767392 0.23190041666358735 1.7717857142857185 -51.0 -82.0
200.14951129339642 325.2032520325203 0.11182230219524024 0.22412323533266046 1.7477295918367388 -40.0 -63.0
196.49574746368924 325.2032520325203 0.11313887613204308 0.21623738356706584 1.7247193877551061 -41.0 -63.0
193.82496213400583 325.2032520325203 0.11425045291085258 0.20839767052509572 1.6985714285714326 -39.0 -64.0
190.31304284854653 325.2032520325203 0.11519187387925851 0.200226095817558 1.672423469387759 -41.0 -66.0
185.908418537872 325.2032520325203 0.11605228567407913 0.19011513899867416 1.638954081632657 -50.0 -82.0
182.59961461530804 325.2032520325203 0.11648826024693347 0.18205504643174608 1.6107142857142898 -39.0 -66.0
175.8125713227292 325.2032520325203 0.11673750434044333 0.1719875062519169 1.5803826530612286 -51.0 -80.0
171.97445269954966 325.2032520325203 0.11669707754836146 0.16399260846179586 1.5510969387755142 -38.0 -66.0
168.8874025189265 325.2032520325203 0.11633394207018188 0.1546978243793057 1.5123979591836776 -42.0 -79.0
167.49183671000415 325.2032520325203 0.11574888241919343 0.14703261978615978 1.4768367346938818 -33.0 -67.0
166.3825849984937 325.2032520325203 0.11486637204130992 0.13924119007169608 1.439183673469392 -33.0 -69.0
164.11450483071278 325.2032520325203 0.11377557974747683 0.13194224684875522 1.40571428571429 -32.0 -64.0
161.29644229855035 325.2032520325203 0.112549013411056 0.12521121508995448 1.3753826530612288 -30.0 -59.0
159.59711133525215 325.2032520325203 0.11102006218029241 0.118148567059899 1.339821428571433 -30.0 -64.0
155.0920459674987 325.20325203252025 0.10913520935316093 0.11069571619126796 1.306352040816331 -34.0 -66.0
154.40111972893473 325.2032520325203 0.10703980057152943 0.10353930320685414 1.2655612244898002 -29.0 -68.0
150.04689962220914 325.2032520325203 0.10457132237602791 0.09617777248702701 1.2289540816326574 -33.0 -68.0
146.03493231930946 325.2032520325203 0.10202825150336968 0.0894137884835615 1.1933928571428616 -30.0 -64.0
141.74979473788085 325.2032520325203 0.09930549396717817 0.0828863963818786 1.1578316326530658 -29.0 -63.0
139.9036096718253 325.2032520325203 0.09613117858289894 0.07605403874314011 1.1139030612244942 -28.0 -70.0
134.2640661175698 325.2032520325203 0.09286024311802187 0.06969679530944699 1.0772959183673514 -29.0 -64.0
130.1009734874443 325.2032520325203 0.08950319166639963 0.06373512951314593 1.0385969387755147 -26.0 -63.0
126.66915201149348 325.2032520325203 0.08586847722631896 0.057848028995780086 0.9967602040816371 -25.0 -65.0
119.44096394437577 325.2032520325203 0.08177845053204316 0.051797630958812894 0.9559693877551065 -28.0 -67.0
115.97367452560212 325.2032520325203 0.0777072680170154 0.04629883777803612 0.9109948979591882 -23.0 -66.0
108.82176572941292 325.2032520325203 0.0735007981032182 0.04109916212661862 0.8702040816326576 -24.0 -63.0
99.20483979748433 325.2032520325203 0.06913913195697463 0.03613081280403545 0.8304591836734739 -24.0 -62.0
82.39869591605189 325.2032520325203 0.06415971566240386 0.03089401011271099 0.7907142857142903 -28.0 -66.0
66.55014325596179 325.2032520325203 0.059244399097138564 0.026134712204526046 0.7478316326530657 -24.0 -65.0
-21.944018614173856 325.2032520325203 0.05429968673726992 0.02174626757793427 0.7039030612244943 -22.0 -64.0
-36.87481376240459 325.2032520325203 0.04952106917002087 0.017874922314853384 0.657882653061229 -18.0 -62.0
-43.50166378308666 325.2032520325203 0.04479534365450634 0.014439471165147582 0.5993112244898003 -10.0 -66.0
-34.6260051793653 325.2032520325203 0.040310300754860875 0.011607372238738974 0.5271428571428616 0.0 -69.0
-21.594564689161 325.2032520325203 0.03583985402644429 0.009207779541865304 0.4581122448979636 0.0 -66.0
4.033660686123667 325.2032520325203 0.030644159193880145 0.006891180360011379 0.3807142857142901 0.0 -74.0
41.60347348920509 325.2032520325203 0.02660227261240018 0.005409229664997472 0.3221428571428615 0.0 -56.0
161.0670027954975 325.2032520325203 0.02151344905401514 0.003912476869025332 0.24997448979592274 0.0 -69.0
325.2032520325203 -6.49260360438857 0.014888664749310394 0.0025422732651263803 0.15793367346939213 0.0 -88.0
-120.5882352941238 120.5882352941238 0.0096236188708302 0.0018975360798146323 0.08576530612245335 0.0 -69.0
0 0 0.00463811016215043 0.0015606938596236745 0.04915816326531049 -15.0 -50.0
0 0 -0.009426458029859426 0.0018770205703668706 -0.09413265306122032 -23.0 -160.0
0 0 -0.009502988899027082 0.0018842863593428161 -0.09517857142856734 0.0 -1.0
0 0 -0.009502988899027082 0.0018842863593428161 -0.09517857142856734 0.0 0.0
0 0 -0.009502988899027082 0.0018842863593428161 -0.09517857142856734 0.0 0.0
0 0 -0.009502988899027082 0.0018842863593428161 -0.09517857142856734 0.0 0.0
0 0 -0.009502988899027082 0.0018842863593428161 -0.09517857142856734 0.0 0.0
0 0 -0.009502988899027082 0.0018842863593428161 -0.09517857142856734 0.0 0.0
0 0 -0.009502988899027082 0.0018842863593428161 -0.09517857142856734 0.0 0.0
0 0 -0.009502988899027082 0.0018842863593428161 -0.09517857142856734 0.0 0.0
0 0 -0.009502988899027082 0.0018842863593428161 -0.09517857142856734 0.0 0.0
0 0 -0.009502988899027082 0.0018842863593428161 -0.09517857142856734 0.0 0.0
0 0 -0.009502988899027082 0.0018842863593428161 -0.09517857142856734 0.0 0.0
0 0 -0.009502988899027082 0.0018842863593428161 -0.09517857142856734 0.0 0.0
0 0 -0.009502988899027082 0.0018842863593428161 -0.09517857142856734 0.0 0.0
0 0 -0.009502988899027082 0.0018842863593428161 -0.09517857142856734 0.0 0.0
0 0 -0.009502988899027082 0.0018842863593428161 -0.09517857142856734 0.0 0.0
0 0 -0.009502988899027082 0.0018842863593428161 -0.09517857142856734 0.0 0.0
0 0 -0.009502988899027082 0.0018842863593428161 -0.09517857142856734 0.0 0.0
0 0 -0.009502988899027082 0.0018842863593428161 -0.09517857142856734 0.0 0.0
0 0 -0.009502988899027082 0.0018842863593428161 -0.09517857142856734 0.0 0.0
0 0 -0.009502988899027082 0.0018842863593428161 -0.09517857142856734 0.0 0.0
0 0 -0.009502988899027082 0.0018842863593428161 -0.09517857142856734 0.0 0.0
0 0 -0.009502988899027082 0.0018842863593428161 -0.09517857142856734 0.0 0.0
0 0 -0.009502988899027082 0.0018842863593428161 -0.09517857142856734 0.0 0.0
0 0 -0.009502988899027082 0.0018842863593428161 -0.09517857142856734 0.0 0.0
0 0 -0.009502988899027082 0.0018842863593428161 -0.09517857142856734 0.0 0.0
0 0 -0.009502988899027082 0.0018842863593428161 -0.09517857142856734 0.0 0.0
0 0 -0.009502988899027082 0.0018842863593428161 -0.09517857142856734 0.0 0.0
