43.178984733861 -325.2032520325203 0.0 0.0 0.0 0 0
19.435703163503263 -325.2032520325203 0.010789775132012496 0.001035762034074326 0.19140306122448983 -21.0 162.0
-7.199503997621123 -325.2032520325203 0.02209089028363964 0.0042955932943220705 0.37025510204081635 -9.0 162.0
-38.04427927822503 -325.2032520325203 0.03349364313044165 0.009851724741234913 0.5365561224489797 3.0 162.0
-73.50845133731751 -325.2032520325203 0.0448878472230127 0.017838084659086227 0.686122448979592 19.0 162.0
-115.36956703149318 -325.2032520325203 0.05600413422083897 0.028235902456319385 0.8179081632653062 36.0 162.0
-164.50914557797648 -325.2032520325203 0.06682387588628852 0.0411344085494125 0.9277295918367349 57.0 162.0
-200.83612492879524 -294.99164302807924 0.07743419098484873 0.05660260235991492 1.01140306122449 82.0 162.0
-212.32144348833472 -247.91537622797372 0.08711208091992373 0.07293928921558425 1.0605612244897962 100.0 147.0
-214.14511315334528 -213.47606976981584 0.09557283639766398 0.08837721769988918 1.0783418367346942 106.0 123.0
-210.45885369568632 -187.05835595393975 0.1033220240951075 0.10280185796127578 1.0772959183673472 107.0 106.0
-203.64123290917112 -166.01346507163777 0.11061648663408963 0.11616139641999083 1.0647448979591838 105.0 93.0
-195.4476922363002 -148.36700580851524 0.11758911184118657 0.12846844816772296 1.045918367346939 101.0 83.0
-185.99982950141887 -133.80884064940133 0.12431283351496833 0.1397644219413355 1.0218622448979593 97.0 74.0
-175.91183494161584 -121.69360033175153 0.13079077984181792 0.1500390314448133 0.9946683673469389 92.0 66.0
-165.90376644757507 -111.00810138924909 0.13708033435121206 0.15942762183229878 0.9664285714285715 87.0 60.0
-156.33037300331054 -101.25717489614361 0.14318675370859965 0.16800853283564493 0.9381887755102042 82.0 55.0
-146.67306660064952 -92.81943468497701 0.14912022662922517 0.17585834169320344 0.9089030612244899 78.0 50.0
-137.7384431227108 -84.89246411629028 0.1548440984782798 0.18299455091597888 0.8806632653061226 73.0 46.0
-129.4829331746695 -77.52847228181304 0.16031585085423963 0.18944188292221817 0.8534693877551022 68.0 42.0
-121.42679040611779 -71.07070412390294 0.16555033845663616 0.19528014816994863 0.8262755102040817 64.0 38.0
-113.98785874137836 -64.96410447178964 0.1705688712348135 0.2005858020900592 0.8001275510204083 60.0 35.0
-107.13281767213073 -59.24830261136616 0.1753420168799478 0.20537978849495603 0.7750255102040818 56.0 32.0
-100.40957375256133 -54.236547318107434 0.1799004417188652 0.20973387014904118 0.7499234693877553 53.0 29.0
-94.26992647680609 -49.337617115711815 0.1842801045466462 0.2137160245791931 0.7258673469387757 50.0 27.0
-88.17456362586012 -45.23750364742251 0.18840564861514472 0.21728968022215894 0.7018112244897962 47.0 24.0
-82.56553149538915 -41.353553114080555 0.1923177692379945 0.22052050848976673 0.6788010204081635 44.0 22.0
-77.41403755667334 -37.71826252269053 0.19599974572181203 0.22342452072514724 0.6568367346938777 41.0 20.0
-72.68211149413186 -34.372792712735105 0.1994363016341048 0.22601741649275642 0.635918367346939 38.0 18.0
-68.50273106571564 -30.898475492739042 0.2027381265649509 0.22840456620877092 0.6160459183673471 36.0 17.0
-64.33023210403084 -27.987086817161078 0.20583400977691269 0.23055045865796736 0.5961734693877553 34.0 15.0
-60.09050350609352 -25.713582373250784 0.20871576685185886 0.23246429029936705 0.5763010204081634 32.0 13.0
-56.27348779497128 -23.444714603053573 0.2114394640312785 0.23419815887492906 0.5574744897959185 30.0 12.0
-29.939308272265873 -44.122162097108244 0.21399765525124806 0.23576162016248808 0.5396938775510205 28.0 11.0
-35.08535463649577 -33.76153046624006 0.2163658289396559 0.23719368497650065 0.548061224489796 14.0 22.0
-38.24501680530044 -25.83674368437282 0.21853183477089982 0.23851434901577873 0.5470153061224491 17.0 16.0
-40.15185537744563 -19.462500567149092 0.22057174006411195 0.23974644932027922 0.5396938775510205 19.0 12.0
-41.233612678787864 -14.206314326035677 0.2224908036812262 0.24088104516201908 0.5281887755102042 20.0 9.0
-41.9635647891434 -9.592064638128122 0.2242906352517086 0.24191488531335772 0.514591836734694 20.0 7.0
-41.72669198079234 -6.376148273984021 0.22590423793690964 0.24280948655095577 0.497857142857143 20.0 4.0
-41.3672501707538 -3.424955155105178 0.2274651716111482 0.24363999969368927 0.48007653061224503 20.0 3.0
-40.31179807574757 -1.4550298593763 0.22890439457046038 0.24437132992963861 0.4602040816326532 20.0 1.0
-38.981878998041076 0.09992491625466186 0.2302890025471937 0.24503973624376682 0.4392857142857144 20.0 0.0
-37.95102764250261 1.8130571752568554 0.2316170564547808 0.2456477643756551 0.41941326530612255 19.0 0.0
-37.23562297198626 3.699850737705143 0.2328861223933533 0.24619934003325356 0.4005867346938777 18.0 0.0
-36.22931252572825 5.153651618857927 0.23409453945355255 0.24669698496113324 0.38071428571428584 18.0 -1.0
-34.87379634784791 6.116313638971023 0.23524118858526857 0.2471420644694628 0.35979591836734703 18.0 -2.0
-33.09056370909589 6.3642750187868895 0.2362524330189986 0.24751043759246452 0.3388775510204083 17.0 -3.0
-31.40317127684272 6.565601117201418 0.23719822639751972 0.2478332769887138 0.31900510204081645 16.0 -3.0
-29.79605587873495 6.704098203452514 0.23807686890647112 0.2481143349746591 0.3001785714285716 15.0 -3.0
-28.250811115234796 6.760810937597469 0.2388868716980688 0.24835718702474097 0.2823979591836736 14.0 -3.0
-26.786256684829198 6.899876639767142 0.2397010642823921 0.24858559910029285 0.26461734693877564 14.0 -3.0
-34.852941176470615 34.852941176470615 0.24044471246777857 0.24878044247039155 0.24788265306122462 13.0 -3.0
-29.8529411764706 29.8529411764706 0.24044471246777857 0.24878044247039155 0.2123214285714287 17.0 -17.0
-25.73529411764708 25.73529411764708 0.24044471246777857 0.24878044247039155 0.18303571428571438 14.0 -14.0
-22.205882352941188 22.205882352941188 0.24044471246777857 0.24878044247039155 0.15793367346938786 12.0 -12.0
-18.970588235294134 18.970588235294134 0.24044471246777857 0.24878044247039155 0.1349234693877552 11.0 -11.0
-16.32352941176472 16.32352941176472 0.24044471246777857 0.24878044247039155 0.1160969387755103 9.0 -9.0
-13.970588235294134 13.970588235294134 0.24044471246777857 0.24878044247039155 0.09936224489795928 8.0 -8.0
-12.20588235294119 12.20588235294119 0.24044471246777857 0.24878044247039155 0.08681122448979602 6.0 -6.0
-10.44117647058825 10.44117647058825 0.24044471246777857 0.24878044247039155 0.07426020408163275 6.0 -6.0
-8.970588235294132 8.970588235294132 0.24044471246777857 0.24878044247039155 0.06380102040816336 5.0 -5.0
-7.794117647058837 7.794117647058837 0.24044471246777857 0.24878044247039155 0.05543367346938785 4.0 -4.0
-6.911764705882367 6.911764705882367 0.24044471246777857 0.24878044247039155 0.04915816326530622 3.0 -3.0
-6.029411764705896 6.029411764705896 0.24044471246777857 0.24878044247039155 0.04288265306122459 3.0 -3.0
-5.1470588235294255 5.1470588235294255 0.24044471246777857 0.24878044247039155 0.036607142857142956 3.0 -3.0
-4.558823529411778 4.558823529411778 0.24044471246777857 0.24878044247039155 0.0324234693877552 2.0 -2.0
-3.9705882352941306 3.9705882352941306 0.24044471246777857 0.24878044247039155 0.028239795918367443 2.0 -2.0
-3.6764705882353077 3.6764705882353077 0.24044471246777857 0.24878044247039155 0.026147959183673564 1.0 -1.0
-3.382352941176484 3.382352941176484 0.24044471246777857 0.24878044247039155 0.024056122448979686 1.0 -1.0
-3.08823529411766 3.08823529411766 0.24044471246777857 0.24878044247039155 0.021964285714285808 1.0 -1.0
0 0 0.24044471246777857 0.24878044247039155 0.01987244897959193 1.0 -1.0
325.2032520325203 -47.062356998934156 0.24044471246777857 0.24878044247039155 0.01987244897959193 0.0 0.0
325.2032520325203 -23.13267003324559 0.2298316684738923 0.24753710871614076 0.21336734693877563 -162.0 23.0
325.2032520325203 3.8687909294636644 0.21875525521208047 0.24406412221038182 0.39431122448979605 -162.0 11.0
325.2032520325203 35.38590105443656 0.20763203154870352 0.23829433380653922 0.5627040816326532 -162.0 -1.0
325.2032520325203 72.04231813673175 0.19658265034343345 0.23009275009537408 0.7143622448979593 -162.0 -17.0
325.2032520325203 114.92190039036161 0.18576438881928348 0.2193851981268989 0.8461479591836736 -162.0 -36.0
325.2032520325203 166.00704306029635 0.1753131639312182 0.20618632819498012 0.9559693877551022 -162.0 -57.0
284.56140775145667 197.47041913658896 0.16509388729402777 0.1903654537990057 1.0385969387755103 -162.0 -83.0
238.86242730091146 208.67378474125712 0.15610007591890776 0.17425602001166354 1.0846173469387757 -142.0 -98.0
205.34041499604626 210.5192669988695 0.14820907272421457 0.15903699233749963 1.1003061224489796 -119.0 -104.0
179.91696316105464 206.76155291187052 0.1409730384448917 0.14486422425310308 1.0971683673469388 -102.0 -105.0
159.95444587880723 199.7656646704747 0.13414475145673269 0.13177865598850952 1.0825255102040816 -89.0 -103.0
143.48998742801308 191.27557083068083 0.12759966847405088 0.11976171366476056 1.0616071428571427 -79.0 -99.0
129.61137528242972 181.88037096868962 0.12123959460661052 0.10869830722898309 1.0365051020408163 -71.0 -95.0
117.62473840204919 172.25190429687532 0.11507295935322423 0.09859243709256271 1.009311224489796 -64.0 -90.0
107.38030131419397 162.2478613809513 0.10904223346834821 0.08930937481217881 0.9800255102040817 -58.0 -86.0
98.11173946378679 152.6321076442837 0.10317976865699596 0.08083899950183059 0.9507397959183674 -53.0 -81.0
89.27806150663604 143.81176201561874 0.09748607675310522 0.07309807188337335 0.9225000000000001 -49.0 -76.0
81.56180893098275 135.25178542195687 0.09204888144812486 0.06612716393633199 0.8942602040816328 -44.0 -71.0
74.7204325652055 126.91509793623794 0.08680880463322638 0.059786619668322466 0.8660204081632654 -40.0 -67.0
68.19393506434493 119.22550651339876 0.08174919575490648 0.05399887276227806 0.838826530612245 -37.0 -63.0
62.01593564738075 112.15640357478483 0.07690189098713386 0.04874366587967546 0.8126785714285716 -34.0 -59.0
56.49315481917402 105.26310439716505 0.07224033271467578 0.043947741517458866 0.7865306122448981 -31.0 -56.0
51.43652316681487 98.88141681233819 0.06784225456804961 0.03964897325013283 0.7614285714285716 -28.0 -52.0
47.16538953798475 92.55263909033177 0.06367550964870443 0.03577597527187218 0.7363265306122451 -25.0 -49.0
43.09397529393391 86.72265556993582 0.059702721357200055 0.0322612423756892 0.7122704081632655 -23.0 -46.0
39.251603859849496 81.3662747460632 0.055942124574314626 0.029088812417982994 0.6892602040816328 -21.0 -43.0
35.6758377123238 76.44950629098268 0.05241044062620649 0.026242920179808768 0.667295918367347 -19.0 -40.0
32.641655579901794 71.55566057128657 0.04906072151004547 0.02366291574988031 0.6453316326530614 -17.0 -38.0
29.28841362448091 67.54818577870891 0.04590525710852108 0.02133604127940767 0.6254591836734695 -16.0 -35.0
26.52755291736722 63.518042909864334 0.04295524312455994 0.01924987499647174 0.6055867346938777 -14.0 -33.0
23.720335351586957 59.96092567739638 0.04015625756049473 0.017350668303624823 0.5867602040816328 -13.0 -31.0
21.60067082505482 56.288852399804945 0.03757967310073884 0.01567232461958855 0.5679336734693878 -11.0 -29.0
43.141969528119326 29.23947188849727 0.0351023358940922 0.014124260690978288 0.5491071428571429 -10.0 -28.0
33.08600756717096 34.22840678603456 0.03281241347411274 0.0127115617842397 0.5564285714285715 -21.0 -14.0
24.936975508901604 37.61493759869641 0.030657533791424094 0.011372820465402982 0.5553826530612246 -16.0 -17.0
18.285996963867955 39.94590237030799 0.028694110170839844 0.010162962313125686 0.5491071428571429 -12.0 -18.0
12.73871944816776 41.46687086883583 0.026852197302078197 0.009049134124449246 0.5386479591836735 -9.0 -19.0
8.442624673786513 42.026574151208976 0.02512900355946033 0.008036412599101516 0.5240051020408163 -6.0 -20.0
4.892347235733916 41.98381168455936 0.02345651840953008 0.007089630185403527 0.5062244897959184 -4.0 -21.0
2.301209226347819 41.411162160101725 0.02196972890217497 0.006283538674891998 0.4873979591836735 -2.0 -20.0
0.05243393559739799 40.63715723204725 0.02053589885050159 0.0055416909657607285 0.4675255102040817 -1.0 -20.0
-1.816113617657963 39.62364372981019 0.01915622162875822 0.004863165348114275 0.44660714285714287 0.0 -20.0
-3.881879771835789 38.948443791555555 0.017832654909825704 0.0042454303473581124 0.42673469387755103 0.0 -19.0
-5.542834664660809 38.00988283006786 0.016567075356314596 0.0036859015668341574 0.4058163265306123 1.0 -19.0
-6.745612122392355 36.75443349359812 0.015360750849444962 0.003183205386471969 0.38385204081632657 2.0 -19.0
-7.2620669144073675 35.09871803335787 0.014286862017208492 0.0027631339144308506 0.36188775510204085 3.0 -18.0
-7.769081566432305 33.575426402507354 0.0132763903718385 0.002392646240677378 0.3409693877551021 3.0 -17.0
-8.253987372559271 32.172589640152786 0.012331274389424903 0.002067829106875324 0.32109693877551027 3.0 -16.0
-8.077925376572844 30.25166789492002 0.011452926324723063 0.0017858522864901535 0.3001785714285715 4.0 -16.0
-7.773038857891196 28.34513614675609 0.010642669972801269 0.0015438475658845722 0.2803061224489797 4.0 -15.0
-36.91176470588237 36.91176470588237 0.009828001369419664 0.001317139146788004 0.2625255102040817 3.0 -14.0
-31.61764705882354 31.61764705882354 0.009828001369419664 0.001317139146788004 0.2248724489795919 18.0 -18.0
-27.20588235294119 27.20588235294119 0.009828001369419664 0.001317139146788004 0.19349489795918376 15.0 -15.0
-23.382352941176485 23.382352941176485 0.009828001369419664 0.001317139146788004 0.16630102040816336 13.0 -13.0
-20.147058823529427 20.147058823529427 0.009828001369419664 0.001317139146788004 0.1432908163265307 11.0 -11.0
-17.20588235294119 17.20588235294119 0.009828001369419664 0.001317139146788004 0.12237244897959193 10.0 -10.0
-14.852941176470601 14.852941176470601 0.009828001369419664 0.001317139146788004 0.1056377551020409 8.0 -8.0
-12.794117647058835 12.794117647058835 0.009828001369419664 0.001317139146788004 0.09099489795918375 7.0 -7.0
-11.029411764705893 11.029411764705893 0.009828001369419664 0.001317139146788004 0.07844387755102049 6.0 -6.0
-9.558823529411775 9.558823529411775 0.009828001369419664 0.001317139146788004 0.0679846938775511 5.0 -5.0
-8.38235294117648 8.38235294117648 0.009828001369419664 0.001317139146788004 0.05961734693877559 4.0 -4.0
-7.205882352941185 7.205882352941185 0.009828001369419664 0.001317139146788004 0.05125000000000007 4.0 -4.0
-6.323529411764716 6.323529411764716 0.009828001369419664 0.001317139146788004 0.04497448979591844 3.0 -3.0
-5.441176470588246 5.441176470588246 0.009828001369419664 0.001317139146788004 0.03869897959183681 3.0 -3.0
-4.852941176470599 4.852941176470599 0.009828001369419664 0.001317139146788004 0.03451530612244905 2.0 -2.0
-4.264705882352951 4.264705882352951 0.009828001369419664 0.001317139146788004 0.030331632653061297 2.0 -2.0
-3.6764705882353037 3.6764705882353037 0.009828001369419664 0.001317139146788004 0.02614795918367354 2.0 -2.0
-3.3823529411764803 3.3823529411764803 0.009828001369419664 0.001317139146788004 0.02405612244897966 1.0 -1.0
-3.0882352941176565 3.0882352941176565 0.009828001369419664 0.001317139146788004 0.021964285714285783 1.0 -1.0
0 0 0.009828001369419664 0.001317139146788004 0.019872448979591905 1.0 -1.0
-185.42330698074522 325.2032520325203 0.009828001369419664 0.001317139146788004 0.019872448979591905 0.0 0.0
-171.9098516021025 325.2032520325203 0.004481046654923755 0.0019237088819627631 -0.24579081632653033 92.0 -162.0
-156.78531593642163 325.2032520325203 -0.0010270598586814717 0.004091602566026789 -0.504132653061224 85.0 -162.0
-139.4400005442619 325.2032520325203 -0.006246255875906062 0.007894141084409872 -0.7551530612244894 78.0 -162.0
-119.18990500925166 325.2032520325203 -0.01082373121270216 0.013385978885333025 -0.9967602040816326 69.0 -162.0
-94.65256112637488 325.2032520325203 -0.014328052484511865 0.020486432106048377 -1.2279081632653064 59.0 -162.0
-63.59741309658088 325.2032520325203 -0.01637440266576885 0.029086961236648105 -1.4465051020408168 47.0 -162.0
-22.489016457863052 325.2032520325203 -0.01660963210078627 0.039154838619866794 -1.6483673469387758 31.0 -162.0
36.00650238370543 325.2032520325203 -0.014668136089907094 0.05059945129375686 -1.8293112244897962 11.0 -162.0
99.63735140493296 257.3254596453943 -0.01013420309610093 0.06367308345385973 -1.9799234693877557 -18.0 -162.0
139.51809520273056 193.582171072483 -0.004210279771461833 0.07592274384545517 -2.062551020408163 -49.0 -128.0
161.06045931190377 150.73884651146003 0.001936221758210569 0.08701841363534887 -2.09079081632653 -69.0 -96.0
171.27561431027905 121.07484471046808 0.007829743295201468 0.0973744999151 -2.085561224489796 -80.0 -75.0
174.24472293121926 100.18842208128835 0.013190373271452956 0.10714775262457901 -2.059413265306123 -85.0 -60.0
172.92687297496065 84.67430127238651 0.017953235166217902 0.11654112995049438 -2.020714285714286 -87.0 -50.0
168.92773892168336 72.93856103641657 0.022027566564321165 0.12549799456141877 -1.9746938775510205 -86.0 -42.0
163.342005834655 63.70574738074718 0.02543898663147351 0.13406904106260112 -1.924489795918367 -84.0 -36.0
156.8050012030983 56.316274092966026 0.028208995858130834 0.1422212891503517 -1.8721938775510196 -81.0 -31.0
150.33495814259152 49.50253922475835 0.03042372132917216 0.15006329894698042 -1.8198979591836721 -78.0 -28.0
143.22565969050854 44.1013122823596 0.03210263360377619 0.15748642944999658 -1.7665561224489785 -75.0 -24.0
136.86176731151974 38.61461818151606 0.03331313146229732 0.16453258143708432 -1.715306122448979 -71.0 -22.0
130.29339629916956 34.008204650535205 0.0341063761839599 0.17117349845412191 -1.6640561224489794 -68.0 -19.0
124.05459824222099 29.631098499041283 0.034535693053657265 0.17746261215065287 -1.613852040816326 -65.0 -17.0
117.42393089801648 26.344976909311097 0.03464058175427376 0.1833041705566335 -1.5636479591836725 -62.0 -14.0
111.84268383834355 22.593230230726984 0.03447314439614667 0.18875972673787922 -1.5165816326530601 -58.0 -13.0
106.38635819433823 19.316248114747104 0.034081713901006165 0.1938183551320167 -1.4705612244897948 -55.0 -11.0
100.73335646639802 16.711020364377017 0.033495781918672723 0.19854845267589238 -1.4245408163265294 -53.0 -9.0
95.70972589289889 13.960749661969025 0.03274926437403175 0.20294426467346954 -1.380612244897958 -50.0 -8.0
90.55849229071569 11.966384377060521 0.031893444661731746 0.20692774358776841 -1.3377295918367338 -47.0 -6.0
85.68008481713687 10.065160131678486 0.030927651738091744 0.21064818147747266 -1.2958928571428565 -45.0 -5.0
81.96546274375002 7.375686387232364 0.029879755163352242 0.21410601100396384 -1.2571938775510194 -42.0 -5.0
77.7632925490998 5.69243543334163 0.028799363623564632 0.21723009659200082 -1.2184948979591823 -40.0 -3.0
73.67937058655909 4.276454753771874 0.027684163123959892 0.22009574710203886 -1.1808418367346922 -38.0 -2.0
21.659437490606685 51.05020527652387 0.026525796582246273 0.22277751676357552 -1.1452806122448962 -36.0 -2.0
34.776901662621334 33.12974179601574 0.02543439012036988 0.2252368448884095 -1.1609693877551006 -10.0 -25.0
44.47202481790916 18.969807052055167 0.02442235406284216 0.227563111808582 -1.1599234693877536 -17.0 -16.0
51.50448885865818 7.784346570132296 0.023455679768037353 0.22974137386200638 -1.1463265306122432 -22.0 -9.0
55.9873702568855 -0.4285715544277533 0.022546691272306046 0.23169252638413992 -1.1233163265306105 -25.0 -3.0
59.60640253494853 -7.635321581456172 0.021622247062332924 0.23355091871173714 -1.0950765306122427 -27.0 0.0
62.26737537551475 -13.748976434525689 0.020677257758853474 0.23531216735369812 -1.0616071428571408 -29.0 3.0
63.86195076781197 -18.668135458359938 0.01970811008718524 0.23697179270483162 -1.0229081632653045 -31.0 6.0
63.7369177479028 -21.479601631528276 0.018797157373279746 0.23839674593758287 -0.9810714285714273 -31.0 9.0
63.33374111958995 -23.893968244895316 0.017870791925580054 0.2397188857554286 -0.938188775510203 -31.0 10.0
62.60101658243944 -25.859520073352094 0.016934731738731983 0.24093859784301236 -0.8942602040816316 -31.0 11.0
61.477642913748625 -27.314709162805226 0.01599486277043463 0.2420566639023562 -0.8492857142857133 -31.0 12.0
59.51932509490542 -27.678368670930887 0.015109801531719593 0.24301821934503706 -0.804311224489795 -30.0 13.0
57.533626561269315 -27.892408293500065 0.014237410467414443 0.24388530286518983 -0.7603826530612237 -29.0 13.0
55.480890908182566 -27.914726536317936 0.013385041228870638 0.24466193916797851 -0.7174999999999994 -28.0 13.0
53.31348762617942 -27.695454265502228 0.012559514550458981 0.24535246054037088 -0.6756632653061221 -27.0 13.0
50.97518980952522 -27.176309434586393 0.011767125371416916 0.24596145132811897 -0.6348724489795918 -26.0 13.0
48.401008788129715 -26.29040663591445 0.011013651866650907 0.24649369556492726 -0.5951275510204077 -25.0 13.0
45.51782931083233 -24.962865195788165 0.010304367905706949 0.24695412786545867 -0.5564285714285706 -24.0 13.0
42.86742752111489 -23.7333886965233 0.009644470576358994 0.24734847806162882 -0.5208673469387746 -22.0 12.0
68.52941176470576 -68.52941176470576 0.008971357862532598 0.24771982134887832 -0.48739795918367257 -21.0 11.0
58.52941176470573 -58.52941176470573 0.008971357862532598 0.24771982134887832 -0.4162755102040805 -34.0 34.0
49.999999999999794 -49.999999999999794 0.008971357862532598 0.24771982134887832 -0.35561224489795773 -29.0 29.0
42.941176470587976 -42.941176470587976 0.008971357862532598 0.24771982134887832 -0.3054081632653043 -24.0 24.0
36.7647058823527 -36.7647058823527 0.008971357862532598 0.24771982134887832 -0.26147959183673297 -21.0 21.0
31.470588235293835 -31.470588235293835 0.008971357862532598 0.24771982134887832 -0.2238265306122429 -18.0 18.0
27.058823529411512 -27.058823529411512 0.008971357862532598 0.24771982134887832 -0.19244897959183493 -15.0 15.0
23.235294117646752 -23.235294117646752 0.008971357862532598 0.24771982134887832 -0.16525510204081417 -13.0 13.0
19.999999999999694 -19.999999999999694 0.008971357862532598 0.24771982134887832 -0.1422448979591815 -11.0 11.0
17.352941176470324 -17.352941176470324 0.008971357862532598 0.24771982134887832 -0.1234183673469369 -9.0 9.0
14.999999999999677 -14.999999999999677 0.008971357862532598 0.24771982134887832 -0.10668367346938545 -8.0 8.0
12.941176470587875 -12.941176470587875 0.008971357862532598 0.24771982134887832 -0.09204081632652805 -7.0 7.0
11.176470588234919 -11.176470588234919 0.008971357862532598 0.24771982134887832 -0.07948979591836469 -6.0 6.0
9.705882352940812 -9.705882352940812 0.008971357862532598 0.24771982134887832 -0.06903061224489537 -5.0 5.0
8.529411764705552 -8.529411764705552 0.008971357862532598 0.24771982134887832 -0.060663265306120095 -4.0 4.0
7.352941176470289 -7.352941176470289 0.008971357862532598 0.24771982134887832 -0.05229591836734482 -4.0 4.0
6.470588235293875 -6.470588235293875 0.008971357862532598 0.24771982134887832 -0.04602040816326358 -3.0 3.0
5.588235294117459 -5.588235294117459 0.008971357862532598 0.24771982134887832 -0.039744897959182346 -3.0 3.0
4.999999999999767 -4.999999999999767 0.008971357862532598 0.24771982134887832 -0.03556122448979426 -2.0 2.0
4.411764705882074 -4.411764705882074 0.008971357862532598 0.24771982134887832 -0.03137755102040618 -2.0 2.0
3.8235294117643814 -3.8235294117643814 0.008971357862532598 0.24771982134887832 -0.027193877551018097 -2.0 2.0
3.529411764705535 -3.529411764705535 0.008971357862532598 0.24771982134887832 -0.025102040816324056 -1.0 1.0
3.235294117646688 -3.235294117646688 0.008971357862532598 0.24771982134887832 -0.023010204081630015 -1.0 1.0
2.9411764705878407 -2.9411764705878407 0.008971357862532598 0.24771982134887832 -0.020918367346935973 -1.0 1.0
0 0 0.008971357862532598 0.24771982134887832 -0.018826530612241932 -1.0 1.0
325.2032520325203 -186.04020105324895 0.008971357862532598 0.24771982134887832 -0.018826530612241932 0.0 0.0
325.2032520325203 -172.50008410480248 0.0037017327403036874 0.24711364875646016 0.24788265306122753 -162.0 93.0
325.2032520325203 -157.3203432101755 -0.0017292263621289123 0.244959701338879 0.5072704081632684 -162.0 86.0
325.2032520325203 -140.03728518432507 -0.006936465271500629 0.24114080500738147 0.7582908163265337 -162.0 78.0
325.2032520325203 -119.66741413110852 -0.011444802270129204 0.23569147901632564 1.0009438775510235 -162.0 70.0
325.2032520325203 -95.17029754479012 -0.01491938698259696 0.22857642704241074 1.2320918367346971 -162.0 59.0
325.2032520325203 -64.1478823369676 -0.01692973755453905 0.21996741194377623 1.4506887755102074 -162.0 47.0
325.2032520325203 -22.65148300451512 -0.01711614485630517 0.2099754005656628 1.6535969387755136 -162.0 32.0
325.2032520325203 36.152657908427614 -0.01511482501378546 0.1985410975740694 1.834540816326534 -162.0 11.0
255.62276871680282 99.78423717134805 -0.010512584569882853 0.18549135469742592 1.9851530612244932 -162.0 -18.0
192.32756174334233 139.37757029194756 -0.00456486627488064 0.17333876044421004 2.0667346938775544 -127.0 -49.0
149.3280775192062 161.10151424588693 0.0016280019872893983 0.1622689026389791 2.0949744897959217 -96.0 -69.0
120.1608077010663 170.96706550909758 0.007521127574336521 0.1520011340217093 2.08869897959184 -74.0 -80.0
99.13200208871963 174.09538132594713 0.01291239718478172 0.14224474973996257 2.0625510204081667 -60.0 -85.0
84.16043395019216 172.36927053177402 0.017664859954848105 0.13293233208292352 2.022806122448983 -49.0 -87.0
72.3066413339625 168.49427429705216 0.021757918723520335 0.12398400989850283 1.9767857142857177 -42.0 -86.0
62.94390311038719 163.0462824343267 0.025187260543712217 0.11542011827843413 1.9265816326530647 -36.0 -84.0
55.4128560742087 156.66021625645456 0.02797431686947849 0.10727368242973279 1.8742857142857177 -31.0 -81.0
49.18814940546933 149.73134362885557 0.030180333084720786 0.0995091052697251 1.8209438775510238 -27.0 -78.0
43.51875702939292 143.01978341775055 0.031853812946019106 0.09216357232675024 1.7686479591836768 -24.0 -74.0
38.67367653817796 136.1431761562217 0.03306222890387004 0.0851950726946335 1.7163520408163297 -21.0 -71.0
33.99928465404346 129.64046236374833 0.03386241904746729 0.07855498897906825 1.6651020408163297 -19.0 -68.0
30.203179213518258 123.07567644856947 0.034287682006689794 0.07241970973395534 1.6148979591836767 -16.0 -64.0
25.98205314651363 117.37987790568629 0.03440479005537119 0.06657838351853695 1.5667857142857176 -15.0 -61.0
22.945564098394144 111.21651774339554 0.03425377576640644 0.06119925289667728 1.5186734693877584 -12.0 -58.0
19.64137869005957 105.78602207616268 0.033872927944657426 0.056139816762168906 1.472653061224493 -11.0 -55.0
16.920112517601282 100.38226002489525 0.03330861718706099 0.05148451964388677 1.4276785714285747 -9.0 -52.0
14.136500601830559 95.39307917148503 0.03257589627622878 0.047086386900400144 1.3837500000000031 -8.0 -50.0
11.24407661865959 91.00891352304107 0.031718792348918154 0.04302458318526463 1.3419132653061256 -7.0 -47.0
9.217141056693464 86.26249787161714 0.03076857292934974 0.03930013730471071 1.3000765306122481 -5.0 -45.0
7.313549142379333 81.76552796759754 0.029731531317577668 0.03583903676281971 1.2592857142857175 -4.0 -43.0
5.567532502031614 77.62717662339918 0.028657677213796928 0.032712698008874726 1.2205867346938808 -3.0 -40.0
4.082962891517879 73.613039558558 0.02754847362276179 0.0298447209528935 1.182933673469391 -2.0 -38.0
50.88881028754866 21.562363936487067 0.026395719435627133 0.027160534046855936 1.1473724489795951 -2.0 -36.0
32.90366093793821 34.74608665801322 0.025309459870789985 0.024698928260296113 1.163061224489799 -25.0 -10.0
18.667514243097024 44.51935965949247 0.024302292194534943 0.022370549417080943 1.162015306122452 -16.0 -17.0
7.394611826791536 51.64155137896815 0.023340176579964896 0.020190270006127956 1.148418367346942 -9.0 -22.0
-0.9129173092995231 56.221546180428874 0.022435271562544302 0.01823722029876077 1.1254081632653092 -3.0 -25.0
-8.518694931519365 60.10981456573644 0.02147961343154574 0.016308496942066937 1.0961224489795949 0.0 -28.0
-14.180499394261467 62.32075348141388 0.020534624128066302 0.014547248300105944 1.060561224489799 4.0 -30.0
-18.239429112486345 63.18677353946325 0.019601743910301773 0.012955469578265625 1.0208163265306154 7.0 -31.0
-21.070404706148835 63.0785583096614 0.01868781242211669 0.011532425026115622 0.9789795918367379 9.0 -31.0
-23.50992191403117 62.69808879053044 0.017758683302580038 0.010212225904825942 0.9360969387755134 10.0 -31.0
-25.506916893770125 61.994620325022666 0.01682007372703858 0.008994474569494346 0.8921683673469419 11.0 -31.0
-26.517781636585422 60.56052032372724 0.01592801085580709 0.00793665232721059 0.8482397959183705 12.0 -30.0
-26.854340008043554 58.57287113812264 0.015041944392880915 0.006976023112111188 0.8032653061224522 13.0 -30.0
-27.040410796555395 56.55713744832639 0.014168646907335346 0.006109852515900611 0.7593367346938807 13.0 -29.0
-27.033876010313147 54.4736456438229 0.0133154658369884 0.005334108146390499 0.7164540816326562 13.0 -28.0
-26.78482975125192 52.27472772436743 0.012489217381262442 0.004644450585052651 0.6746173469387786 13.0 -27.0
-26.23492264801361 49.90408865998844 0.011696191681101203 0.004036288904651151 0.633826530612248 13.0 -26.0
-24.7170062335375 46.83708822449776 0.011005252582679675 0.003548759620507678 0.5951275510204113 13.0 -24.0
-23.889199964572395 44.45241817510388 0.010296450584206831 0.0030875857188329397 0.5585204081632684 12.0 -23.0
-73.67647058823573 73.67647058823573 0.009571700261943997 0.0026519039416091077 0.5240051020408194 11.0 -22.0
-63.08823529411807 63.08823529411807 0.009571700261943997 0.0026519039416091077 0.4486989795918398 36.0 -36.0
-53.97058823529456 53.97058823529456 0.009571700261943997 0.0026519039416091077 0.3838520408163296 31.0 -31.0
-46.32352941176514 46.32352941176514 0.009571700261943997 0.0026519039416091077 0.3294642857142888 26.0 -26.0
-39.5588235294122 39.5588235294122 0.009571700261943997 0.0026519039416091077 0.28135204081632964 23.0 -23.0
-33.97058823529456 33.97058823529456 0.009571700261943997 0.0026519039416091077 0.24160714285714596 19.0 -19.0
-29.264705882353372 29.264705882353372 0.009571700261943997 0.0026519039416091077 0.2081377551020439 16.0 -16.0
-25.147058823529843 25.147058823529843 0.009571700261943997 0.0026519039416091077 0.1788520408163296 14.0 -14.0
-21.617647058823962 21.617647058823962 0.009571700261943997 0.0026519039416091077 0.15375000000000308 12.0 -12.0
-18.676470588235727 18.676470588235727 0.009571700261943997 0.0026519039416091077 0.1328316326530643 10.0 -10.0
-16.029411764706314 16.029411764706314 0.009571700261943997 0.0026519039416091077 0.1140051020408194 9.0 -9.0
-13.676470588235727 13.676470588235727 0.009571700261943997 0.0026519039416091077 0.09727040816326837 8.0 -8.0
-11.911764705882785 11.911764705882785 0.009571700261943997 0.0026519039416091077 0.08471938775510511 6.0 -6.0
-10.441176470588665 10.441176470588665 0.009571700261943997 0.0026519039416091077 0.07426020408163572 5.0 -5.0
-8.970588235294548 8.970588235294548 0.009571700261943997 0.0026519039416091077 0.06380102040816633 5.0 -5.0
-7.794117647059255 7.794117647059255 0.009571700261943997 0.0026519039416091077 0.05543367346939082 4.0 -4.0
-6.911764705882783 6.911764705882783 0.009571700261943997 0.0026519039416091077 0.04915816326530919 3.0 -3.0
-6.029411764706313 6.029411764706313 0.009571700261943997 0.0026519039416091077 0.04288265306122756 3.0 -3.0
-5.147058823529844 5.147058823529844 0.009571700261943997 0.0026519039416091077 0.036607142857145926 3.0 -3.0
-4.558823529412197 4.558823529412197 0.009571700261943997 0.0026519039416091077 0.03242346938775817 2.0 -2.0
-3.970588235294549 3.970588235294549 0.009571700261943997 0.0026519039416091077 0.028239795918370413 2.0 -2.0
-3.676470588235725 3.676470588235725 0.009571700261943997 0.0026519039416091077 0.026147959183676534 1.0 -1.0
-3.382352941176901 3.382352941176901 0.009571700261943997 0.0026519039416091077 0.024056122448982656 1.0 -1.0
-3.088235294118078 3.088235294118078 0.009571700261943997 0.0026519039416091077 0.021964285714288777 1.0 -1.0
0 0 0.009571700261943997 0.0026519039416091077 0.0198724489795949 1.0 -1.0
325.2032520325203 -325.2032520325203 0.009571700261943997 0.0026519039416091077 0.0198724489795949 0.0 0.0
325.2032520325203 -325.2032520325203 0.009571700261943997 0.0026519039416091077 0.3587500000000031 -162.0 162.0
281.5387374461975 -281.5387374461975 0.009571700261943997 0.0026519039416091077 0.6976275510204113 -162.0 162.0
240.3622668579623 -240.3622668579623 0.009571700261943997 0.0026519039416091077 0.9904846938775542 -140.0 140.0
205.06814921090347 -205.06814921090347 0.009571700261943997 0.0026519039416091077 1.2415051020408194 -120.0 120.0
175.06814921090344 -175.06814921090344 0.009571700261943997 0.0026519039416091077 1.454872448979595 -102.0 102.0
149.47991391678576 -149.47991391678576 0.009571700261943997 0.0026519039416091077 1.6368622448979624 -87.0 87.0
127.71520803443285 -127.71520803443285 0.009571700261943997 0.0026519039416091077 1.7916581632653092 -74.0 74.0
109.18579626972696 -109.18579626972696 0.009571700261943997 0.0026519039416091077 1.9234438775510236 -63.0 63.0
93.3034433285505 -93.3034433285505 0.009571700261943997 0.0026519039416091077 2.036403061224493 -54.0 54.0
79.77403156384463 -79.77403156384463 0.009571700261943997 0.0026519039416091077 2.1326275510204113 -46.0 46.0
68.3034433285505 -68.3034433285505 0.009571700261943997 0.0026519039416091077 2.2142091836734727 -39.0 39.0
58.30344332855052 -58.30344332855052 0.009571700261943997 0.0026519039416091077 2.2853316326530644 -34.0 34.0
49.77403156384465 -49.77403156384465 0.009571700261943997 0.0026519039416091077 2.3459948979591867 -29.0 29.0
42.71520803443289 -42.71520803443289 0.009571700261943997 0.0026519039416091077 2.3961989795918397 -24.0 24.0
36.53873744619761 -36.53873744619761 0.009571700261943997 0.0026519039416091077 2.440127551020411 -21.0 21.0
31.244619799138814 -31.244619799138814 0.009571700261943997 0.0026519039416091077 2.4777806122449006 -18.0 18.0
26.832855093256494 -26.832855093256494 0.009571700261943997 0.0026519039416091077 2.5091581632653086 -15.0 15.0
23.0093256814918 -23.0093256814918 0.009571700261943997 0.0026519039416091077 2.536352040816329 -13.0 13.0
19.774031563844733 -19.774031563844733 0.009571700261943997 0.0026519039416091077 2.5593622448979616 -11.0 11.0
17.126972740315303 -17.126972740315303 0.009571700261943997 0.0026519039416091077 2.5781887755102066 -9.0 9.0
14.774031563844716 -14.774031563844716 0.009571700261943997 0.0026519039416091077 2.5949234693877576 -8.0 8.0
12.71520803443298 -12.71520803443298 0.009571700261943997 0.0026519039416091077 2.6095663265306146 -7.0 7.0
10.950502152080025 -10.950502152080025 0.009571700261943997 0.0026519039416091077 2.622117346938778 -6.0 6.0
9.479913916785916 -9.479913916785916 0.009571700261943997 0.0026519039416091077 2.6325765306122473 -5.0 5.0
8.303443328550593 -8.303443328550593 0.009571700261943997 0.0026519039416091077 2.640943877551023 -4.0 4.0
7.126972740315269 -7.126972740315269 0.009571700261943997 0.0026519039416091077 2.6493112244897987 -4.0 4.0
6.244619799138793 -6.244619799138793 0.009571700261943997 0.0026519039416091077 2.6555867346938804 -3.0 3.0
5.3622668579623145 -5.3622668579623145 0.009571700261943997 0.0026519039416091077 2.661862244897962 -3.0 3.0
4.774031563844685 -4.774031563844685 0.009571700261943997 0.0026519039416091077 2.6660459183673497 -2.0 2.0
4.185796269727054 -4.185796269727054 0.009571700261943997 0.0026519039416091077 2.6702295918367374 -2.0 2.0
3.5975609756094227 -3.5975609756094227 0.009571700261943997 0.0026519039416091077 2.674413265306125 -2.0 2.0
3.3034433285505753 -3.3034433285505753 0.009571700261943997 0.0026519039416091077 2.676505102040819 -1.0 1.0
3.0093256814917297 -3.0093256814917297 0.009571700261943997 0.0026519039416091077 2.678596938775513 -1.0 1.0
0 0 0.009571700261943997 0.0026519039416091077 2.680688775510207 -1.0 1.0
126.89334304677065 -126.89334304677065 0.009571700261943997 0.0026519039416091077 2.680688775510207 0.0 0.0
108.36393128206468 -108.36393128206468 0.009571700261943997 0.0026519039416091077 2.8124744897959215 -63.0 63.0
92.4815783408882 -92.4815783408882 0.009571700261943997 0.0026519039416091077 2.925433673469391 -54.0 54.0
78.95216657618238 -78.95216657618238 0.009571700261943997 0.0026519039416091077 3.0216581632653092 -46.0 46.0
67.48157834088825 -67.48157834088825 0.009571700261943997 0.0026519039416091077 3.1032397959183706 -39.0 39.0
57.77569598794706 -57.77569598794706 0.009571700261943997 0.0026519039416091077 -3.1109148990163176 -33.0 33.0
49.54040187029999 -49.54040187029999 0.009571700261943997 0.0026519039416091077 -3.052343470444889 -28.0 28.0
42.48157834088823 -42.48157834088823 0.009571700261943997 0.0026519039416091077 -3.002139388812236 -24.0 24.0
36.30510775265295 -36.30510775265295 0.009571700261943997 0.0026519039416091077 -2.9582108173836645 -21.0 21.0
31.01099010559415 -31.01099010559415 0.009571700261943997 0.0026519039416091077 -2.920557756159175 -18.0 18.0
26.599225399711823 -26.599225399711823 0.009571700261943997 0.0026519039416091077 -2.889180205138767 -15.0 15.0
22.77569598794713 -22.77569598794713 0.009571700261943997 0.0026519039416091077 -2.8619863275877466 -13.0 13.0
19.54040187030007 -19.54040187030007 0.009571700261943997 0.0026519039416091077 -2.838976123506114 -11.0 11.0
0 0 0.009571700261943997 0.0026519039416091077 -2.820149592893869 -9.0 9.0
0 0 0.009571700261943997 0.0026519039416091077 -2.820149592893869 0.0 0.0
0 0 0.009571700261943997 0.0026519039416091077 -2.820149592893869 0.0 0.0
0 0 0.009571700261943997 0.0026519039416091077 -2.820149592893869 0.0 0.0
0 0 0.009571700261943997 0.0026519039416091077 -2.820149592893869 0.0 0.0
0 0 0.009571700261943997 0.0026519039416091077 -2.820149592893869 0.0 0.0
