-190.48426334039098 -325.2032520325203 0.0 0.0 0.0 0 0
-190.48426334039098 -325.2032520325203 0.0 0.0 0.0 0.0 0.0
-190.48426334039098 -325.2032520325203 0.0 0.0 0.0 0.0 0.0
-190.5056201980744 -325.2032520325203 0.00023062496846361084 1.2060745623727905e-07 0.0010459183673469387 1.0 2.0
-193.32003889702986 -325.2032520325203 0.0024597070123301983 3.626106036649403e-05 0.031377551020408165 0.0 29.0
-197.29980431014812 -325.2032520325203 0.005530503118568464 0.0001969977205032145 0.07321428571428572 0.0 40.0
-199.33372740482338 -325.20325203252037 0.01020114011418807 0.0006157911609657626 0.10563775510204082 15.0 46.0
-200.87058236065698 -325.2032520325203 0.016533641541335475 0.0013979682929512716 0.1401530612244898 25.0 58.0
-203.3928543482902 -325.2032520325203 0.022453278767151523 0.002353431100826541 0.1798979591836735 20.0 58.0
-204.60674308185133 -325.2032520325203 0.029013206081530286 0.0036566462195588376 0.21232142857142858 28.0 59.0
-206.2880448049675 -325.2032520325203 0.0355999018351694 0.005199586286117616 0.24788265306122448 27.0 61.0
-207.52820014479053 -325.2032520325203 0.04220456419401854 0.0069855562302169995 0.28030612244897957 29.0 60.0
-208.2944375029291 -325.2032520325203 0.04882454163801138 0.008996774816926558 0.30959183673469387 31.0 59.0
-208.75898956792085 -325.2032520325203 0.05538509073383503 0.011194113462603962 0.3367857142857143 32.0 58.0
-209.5746861266372 -325.2032520325203 0.06188097988264213 0.013575819936733426 0.3660714285714286 31.0 59.0
-210.73207910153178 -325.2032520325203 0.06808893098469788 0.016064265059718814 0.3964030612244898 29.0 58.0
-210.7552339128078 -325.2032520325203 0.07415774538438936 0.018686881757712884 0.4194132653061225 32.0 54.0
-211.26011968025182 -325.2032520325203 0.08078523789096362 0.02175477644966813 0.44765306122448983 34.0 61.0
-211.65033300818072 -325.2032520325203 0.08725632209357108 0.02497094782340806 0.4748469387755102 34.0 60.0
-212.29721110896625 -325.2032520325203 0.09356792347201401 0.028329109661417398 0.5030867346938775 33.0 60.0
-213.03103236117957 -325.2032520325203 0.09998073803498857 0.03198153479835059 0.5323724489795918 34.0 62.0
-214.01650138841634 -325.2032520325203 0.10602122437844544 0.03566022763474112 0.561658163265306 32.0 60.0
-214.6058121028615 -325.2032520325203 0.11176386966274204 0.03937953921813543 0.5878061224489796 32.0 57.0
-216.10065492451199 -325.2032520325203 0.11790132748546528 0.043614701108774134 0.6202295918367347 33.0 64.0
-217.1792338457666 -325.2032520325203 0.12402664073548321 0.04813157508086808 0.6505612244897959 35.0 64.0
-218.64708137512244 -325.2032520325203 0.12994925947381758 0.05278775123119043 0.6819387755102041 34.0 64.0
-218.80888716006208 -325.2032520325203 0.13527011924638255 0.057210143439396295 0.7049489795918368 34.0 56.0
-219.06247009690793 -325.2032520325203 0.14065928654939136 0.0619080619860301 0.7290051020408164 35.0 58.0
-219.69478771212465 -325.2032520325203 0.14632275648315385 0.06710640446795339 0.7561989795918368 37.0 63.0
-220.81857403682642 -325.2032520325203 0.15194747630195055 0.07256971193893977 0.785484693877551 37.0 65.0
-221.8831518047024 -325.2032520325203 0.1573591703883674 0.07813739424450157 0.8137244897959184 37.0 64.0
-222.30268612696383 -325.2032520325203 0.16256837022316395 0.08379087930516596 0.8388265306122449 38.0 62.0
-223.0709364156341 -325.20325203252025 0.16743140345888574 0.08934203303644249 0.8639285714285714 36.0 60.0
-223.3123501964483 -325.2032520325203 0.17240264011497614 0.09530628699228377 0.887984693877551 39.0 62.0
-224.03271762023226 -325.2032520325203 0.17717804008249313 0.10133067172437374 0.9130867346938775 38.0 62.0
-224.66069785235433 -325.2032520325203 0.18152940246715452 0.10709992942878026 0.9360969387755101 36.0 58.0
-224.24948126195233 -325.2032520325203 0.1860225996769586 0.11333762412183863 0.9570153061224489 40.0 60.0
-224.0058829967864 -325.2032520325203 0.1902971061609176 0.11954133135067306 0.9779336734693876 39.0 59.0
-226.5703375383212 -325.2032520325203 0.1942528246871939 0.12558872583122208 1.005127551020408 34.0 60.0
-228.66799151007467 -325.2032520325203 0.19812985342327996 0.13186829971641228 1.0302295918367346 36.0 60.0
-230.58102023179148 -325.2032520325203 0.20196767820308617 0.138440416106901 1.0542857142857143 38.0 61.0
-232.71987265753597 -325.2032520325203 0.205794939693282 0.14537213833166512 1.078341836734694 40.0 63.0
-236.24479782552555 -325.2032520325203 0.20941519425368046 0.1523276367667461 1.1034438775510205 39.0 63.0
-239.7971709800862 -325.2032520325203 0.2128670951649582 0.15936820362327264 1.1264540816326531 40.0 62.0
-246.2685464079576 -325.2032520325203 0.216084300805834 0.16635012628929502 1.1515561224489796 38.0 62.0
-254.51920213048686 -325.2032520325203 0.21915938913893637 0.1734795968786335 1.1756122448979593 39.0 62.0
-260.28773233140197 -325.2032520325203 0.2221754410329161 0.18088388320297438 1.1923469387755103 44.0 60.0
-277.5161882215178 -325.2032520325203 0.22509096874286666 0.18849320805706035 1.2174489795918368 41.0 65.0
-294.1426274737678 -325.2032520325203 0.22778682978358766 0.19601998414308303 1.2362755102040817 43.0 61.0
-311.0188378031389 -325.2032520325203 0.23040903166491275 0.20365406714690215 1.2435969387755101 49.0 56.0
-325.2032520325203 -301.41421713051443 0.23311345026693403 0.21174729532178183 1.2530102040816327 51.0 60.0
-325.2032520325203 -226.3522214520199 0.23587467520840952 0.22030734312907815 1.264515306122449 53.0 64.0
-325.2032520325203 -94.81386951281591 0.23863755449226773 0.22918942489961214 1.2739285714285715 56.0 65.0
-325.2032520325203 82.94989796037507 0.24117435037634674 0.23749764154990147 1.2749744897959185 56.0 57.0
-325.2032520325203 325.2032520325203 0.24355304858044313 0.24513058461623102 1.2624234693877552 58.0 46.0
-325.2032520325203 325.2032520325203 0.24568599261169718 0.25146947771953876 1.23 59.0 28.0
-325.2032520325203 325.2032520325203 0.24754611585383504 0.2563548331594283 1.1839795918367346 56.0 12.0
-325.2032520325203 325.2032520325203 0.2491514296028585 0.25993174078443365 1.1139030612244898 59.0 -8.0
-325.2032520325203 325.2032520325203 0.25090961329716055 0.26317594948565654 1.0344132653061224 62.0 -14.0
325.2032520325203 -193.0038245205178 0.25231493389885196 0.2652880121675121 0.9329591836734694 65.0 -32.0
325.2032520325203 -202.6865421887109 0.2529089045573764 0.26599384862648257 0.8095408163265306 65.0 -53.0
325.2032520325203 -219.91251410674678 0.25246551525206645 0.26556766682966726 0.7216836734693878 38.0 -46.0
325.2032520325203 -225.39308280818346 0.25211735195357965 0.2652651211635492 0.7091326530612245 3.0 -9.0
325.20325203252037 -227.10264544650943 0.25194256024946815 0.2651146693413642 0.7122704081632654 -3.0 0.0
-325.2032520325203 325.2032520325203 0.25107572155917973 0.2643542168769431 0.7279591836734695 -15.0 0.0
-325.2032520325203 325.2032520325203 0.25016522914712214 0.2635272322533947 0.7467857142857144 -17.0 1.0
-325.2032520325203 325.2032520325203 0.24910322267473675 0.26252445229585836 0.7666581632653062 -19.0 0.0
-325.2032520325203 325.2032520325203 0.2490478268786111 0.2624711505942288 0.7656122448979593 0.0 -1.0
-325.2032520325203 325.2032520325203 0.2486584987254736 0.2620996642488545 0.7582908163265307 0.0 -7.0
-325.2032520325203 325.2032520325203 0.24626618693570496 0.259931330588406 0.7143622448979593 0.0 -42.0
-325.2032520325203 325.2032520325203 0.24321080408949267 0.25747451638018903 0.6401020408163266 10.0 -61.0
-325.2032520325203 325.2032520325203 0.24096477785644277 0.25599302083477665 0.5260969387755102 37.0 -72.0
-280.88235294117646 280.88235294117646 0.2391075137876502 0.25506631197035534 0.3995408163265306 47.0 -74.0
-188.97058823529412 188.97058823529412 0.23816342165275223 0.25473853089791704 0.2688010204081632 56.0 -69.0
-96.32352941176465 96.32352941176465 0.23741044281161763 0.2545836134124495 0.13701530612244892 58.0 -68.0
0 0 0.2365673153040662 0.2545186700014283 0.01673469387755093 52.0 -63.0
325.2032520325203 142.0836744788875 0.2316338685670883 0.2553123091253551 -0.3357397959183679 136.0 -201.0
325.2032520325203 141.93645070972022 0.23156129899744676 0.2553376749130826 -0.3367857142857149 0.0 -1.0
325.2032520325203 142.0137596236995 0.2314887294278052 0.2553630407008102 -0.3357397959183679 -1.0 0.0
325.2032520325203 142.63305158558916 0.23090722420498672 0.2555632322986229 -0.3273724489795926 -8.0 0.0
325.2032520325203 144.82640467103855 0.22841940833615487 0.2563647691133035 -0.29599489795918466 -32.0 -2.0
325.2032520325203 146.4026067548598 0.22391102613480687 0.25765501243035405 -0.26147959183673564 -47.0 -14.0
325.2032520325203 146.16817468306698 0.2171283321084699 0.2593678553553526 -0.23323979591836874 -59.0 -32.0
325.2032520325203 145.7512050962077 0.2095478489254094 0.2610476749444638 -0.2029081632653078 -65.0 -36.0
325.2032520325203 145.4458109027243 0.20153991162101642 0.2625560073651892 -0.1694387755102058 -69.0 -37.0
325.2032520325203 145.56298950481198 0.19348341036116087 0.2637786741278216 -0.13178571428571573 -71.0 -35.0
325.2032520325203 145.8705483487381 0.1853856369541609 0.2646887249018908 -0.09204081632653249 -72.0 -34.0
325.2032520325203 145.71866304972403 0.17718236393091552 0.2652947103363027 -0.05543367346938943 -71.0 -36.0
325.20325203252025 145.9233624163731 0.16903876584537994 0.26558442879232724 -0.0156887755102062 -72.0 -34.0
325.2032520325203 145.40053712430216 0.160813150968559 0.26557152379921567 0.018826530612242792 -70.0 -37.0
325.2032520325203 145.31935690260005 0.15259351928865006 0.26525757844208775 0.057525510204079526 -72.0 -35.0
325.2032520325203 145.08241558893735 0.14423889216836744 0.26461404827833235 0.09622448979591626 -73.0 -36.0
325.20325203252025 144.96626745351617 0.13622086659647797 0.26368322501683134 0.134923469387753 -71.0 -34.0
325.2032520325203 144.420226636136 0.1280916155903403 0.2624277630620774 0.17153061224489585 -71.0 -36.0
325.2032520325203 144.4383268285236 0.12016795096822751 0.2608880536830375 0.21232142857142647 -72.0 -33.0
325.2032520325203 144.01214755049847 0.11216208090920361 0.2589994162803978 0.2510204081632632 -72.0 -35.0
325.2032520325203 143.3520169376713 0.10460241012532454 0.256916970794469 0.28658163265305914 -68.0 -34.0
325.2032520325203 142.75956714221905 0.09675872615164549 0.2544395672420223 0.32528061224489585 -72.0 -35.0
325.2032520325203 142.30272084378603 0.08930618304961 0.25176444017439953 0.3639795918367326 -70.0 -33.0
325.2032520325203 142.05680082569154 0.08196582006570396 0.24879530313139744 0.4047704081632632 -71.0 -32.0
325.2032520325203 140.8879164847038 0.074465438708067 0.2454181466158304 0.44137755102040604 -71.0 -36.0
325.2032520325203 140.2775369509189 0.06751065903099186 0.24196610971220847 0.48007653061224276 -69.0 -32.0
325.2032520325203 139.03983052448643 0.06062127493950853 0.23822156856508292 0.5156377551020387 -68.0 -34.0
325.2032520325203 137.4447361041809 0.054258713428304094 0.23448228908687593 0.5470153061224469 -63.0 -33.0
325.2032520325203 136.22385720171016 0.04789497099055885 0.230449898821966 0.5825765306122428 -66.0 -32.0
325.2032520325203 134.82686912177527 0.0414906167086352 0.22606016473295434 0.6191836734693856 -68.0 -33.0
325.2032520325203 133.32250547819422 0.03500913611336503 0.22124917987444967 0.6578826530612224 -71.0 -34.0
325.2032520325203 130.97120737533916 0.02870807497135228 0.2162042027188778 0.6923979591836714 -69.0 -36.0
325.2032520325203 129.00509710744103 0.022651357636237393 0.21098537142034757 0.7300510204081612 -70.0 -34.0
325.2032520325203 127.16775664132179 0.017020621258743887 0.205751590368644 0.767704081632651 -68.0 -32.0
325.2032520325203 125.32477526724212 0.011488111533701858 0.20019492430842267 0.8074489795918347 -70.0 -32.0
325.2032520325203 123.63162303731362 0.006388893309035467 0.19464917255056963 0.8471938775510184 -68.0 -30.0
325.2032520325203 122.96679378172142 0.0016778646994513998 0.18906868473987554 0.8921683673469367 -69.0 -26.0
325.2032520325203 122.36721390169666 -0.0026837079508954635 0.1834038593315888 0.9371428571428551 -68.0 -25.0
325.2032520325203 121.4423617671398 -0.006874408785727409 0.17742275063181048 0.9821173469387734 -69.0 -26.0
325.2032520325203 119.42398662984412 -0.010925647851769641 0.17107099094710315 1.023954081632651 -69.0 -29.0
325.2032520325203 117.47184296358485 -0.014665717248114532 0.16461987742491574 1.0668367346938754 -69.0 -28.0
325.2032520325203 116.13675584461656 -0.018111967014548053 0.15800713613911135 1.1139030612244876 -71.0 -26.0
325.2032520325203 113.57581795900137 -0.02122849899991254 0.15131747034893916 1.155739795918365 -68.0 -28.0
325.2032520325203 111.46151812717679 -0.02413269028706104 0.1442827503219391 1.2028061224489772 -72.0 -27.0
325.2032520325203 109.02668280193829 -0.026702689229265768 0.13711918149574 1.2498724489795894 -72.0 -27.0
325.2032520325203 106.40418589030527 -0.02886891421870485 0.13006426340300997 1.2958928571428547 -70.0 -26.0
325.2032520325203 103.47907048324032 -0.030638812282750297 0.12321680277202507 1.339821428571426 -67.0 -25.0
325.2032520325203 100.02093613921154 -0.032093928137761595 0.1163741858026836 1.3827040816326506 -66.0 -25.0
325.2032520325203 96.51361162901776 -0.03323804630557256 0.1095506899845135 1.4266326530612221 -66.0 -24.0
325.2032520325203 91.41633691230489 -0.034101673806450565 0.10260857815306393 1.4674234693877528 -65.0 -26.0
325.2032520325203 86.75552470476728 -0.03466690241566521 0.09563582505547398 1.5123979591836711 -67.0 -24.0
325.2032520325203 81.96162038210292 -0.03491075689960418 0.08864445150435486 1.5594642857142833 -68.0 -23.0
325.2032520325203 75.37091433845832 -0.0348459063956913 0.08187976234577986 1.6013010204081608 -64.0 -24.0
325.2032520325203 67.60559061010866 -0.0344514532107279 0.07458729764236872 1.648367346938773 -70.0 -25.0
325.2032520325203 60.58868883437143 -0.03376512841860917 0.06785720230279714 1.6964795918367321 -67.0 -21.0
325.2032520325203 54.45609986142891 -0.03273493835190115 0.061171102286610116 1.750867346938773 -70.0 -18.0
325.2032520325203 49.9807541003502 -0.03139287145718664 0.054854603042557966 1.8094387755102015 -70.0 -14.0
325.2032520325203 50.26686897520226 -0.029829664802522665 0.049065699949802456 1.8596428571428545 -63.0 -15.0
325.2032520325203 41.99196694007726 -0.027924325726402067 0.04321829172008154 1.9119387755102015 -65.0 -15.0
325.2032520325203 37.92254209205771 -0.025617712290993116 0.037351708513300025 1.9788775510204055 -73.0 -9.0
325.2032520325203 43.49477481942573 -0.02319567001553817 0.032289411383386174 2.0552295918367323 -73.0 0.0
325.2032520325203 54.93299522006551 -0.020353593737386273 0.02736148291478334 2.1326275510204056 -74.0 0.0
325.20325203252025 55.728112248353945 -0.016623473053435894 0.02181015733445655 2.1922448979591813 -72.0 -15.0
325.2032520325203 61.60499642433243 -0.012493113216260097 0.016355674670530472 2.2455867346938754 -70.0 -19.0
-325.2032520325203 325.2032520325203 -0.00813012722256706 0.01118560907918268 2.2978826530612224 -69.0 -19.0
-325.2032520325203 325.2032520325203 -0.0038039440245422936 0.006600698720230368 2.356454081632651 -69.0 -13.0
-325.2032520325203 325.2032520325203 -0.0003516973126242444 0.0032039572808982516 2.372142857142855 -39.0 -24.0
-325.2032520325203 325.2032520325203 0.0018141069797264191 0.001021088350514331 2.3323979591836714 -1.0 -39.0
-325.2032520325203 325.2032520325203 0.004592833411180101 -0.0020629927089976744 2.2759183673469368 0.0 -54.0
-325.2032520325203 325.2032520325203 0.006634940071560597 -0.004662407456254182 2.1974744897959164 16.0 -59.0
-325.2032520325203 325.2032520325203 0.008064200825149533 -0.006850763634016474 2.101249999999998 29.0 -63.0
-325.2032520325203 325.2032520325203 0.008761659669811815 -0.008220967053221942 1.982015306122447 47.0 -67.0
-325.2032520325203 325.2032520325203 0.009049154755584255 -0.009016220607933705 1.8533673469387735 56.0 -67.0
-325.2032520325203 325.2032520325203 0.00914784614582887 -0.009466788662717425 1.7194897959183653 61.0 -67.0
-325.2032520325203 325.2032520325203 0.009153923676771132 -0.009543423049533303 1.5803826530612224 66.0 -67.0
-325.2032520325203 325.2032520325203 0.009153923676771132 -0.009543423049533303 1.4381377551020387 68.0 -68.0
-325.2032520325203 325.2032520325203 0.009123123775779795 -0.009694056474107413 1.3000765306122428 65.0 -67.0
-325.2032520325203 325.2032520325203 0.009097164190505 -0.009766415755180129 1.1526020408163244 70.0 -71.0
-325.2032520325203 325.2032520325203 0.00906057071414613 -0.009834022582594028 0.9967602040816306 74.0 -75.0
-325.2032520325203 325.2032520325203 0.009245991742915677 -0.009588716055795326 0.8503316326530591 72.0 -68.0
-325.2032520325203 325.2032520325203 0.009628653447968491 -0.009210366303435061 0.7091326530612224 71.0 -64.0
-325.2032520325203 325.2032520325203 0.009443324620923085 -0.009347629249968254 0.5658418367346918 67.0 -70.0
-295.58823529411615 295.58823529411615 0.009240179565098861 -0.009456807896777842 0.4204591836734673 68.0 -71.0
-191.9117647058809 191.9117647058809 0.00945708046427472 -0.009378437682016728 0.2729846938775489 72.0 -69.0
-87.49999999999852 87.49999999999852 0.009758528613749326 -0.009317731313501259 0.12446428571428361 73.0 -69.0
0 0 0.010065519966949854 -0.009300051973578374 -0.009413265306124963 66.0 -62.0
99.82927279485581 325.2032520325203 0.010291677231429085 -0.00934522699265165 -0.3848979591836761 181.0 -178.0
100.00467199286774 325.2032520325203 0.01036291270224973 -0.00937412808816654 -0.3859438775510231 1.0 0.0
100.00467199286774 325.2032520325203 0.01036291270224973 -0.00937412808816654 -0.3859438775510231 0.0 0.0
100.04367786079375 325.2032520325203 0.010078152538687149 -0.009258076809639281 -0.38803571428571715 -1.0 -3.0
102.48657334887496 325.2032520325203 0.007676690155811584 -0.008226249553683318 -0.4235969387755132 0.0 -34.0
106.6383942696952 325.2032520325203 0.003737557354189079 -0.0063068586902043245 -0.4832142857142889 0.0 -57.0
111.32610455985136 325.2032520325203 -0.0004746074708520719 -0.003916560120504077 -0.5491071428571459 0.0 -63.0
116.21797455536198 325.2032520325203 -0.004583043013868157 -0.0012096878684607478 -0.6160459183673499 0.0 -64.0
117.37683611660385 325.2032520325203 -0.009885495687169581 0.0027390615804025976 -0.6641581632653093 -20.0 -66.0
119.70064634663245 325.2032520325203 -0.01479890332383991 0.006809786428207309 -0.719591836734697 -15.0 -68.0
121.28453524457755 325.2032520325203 -0.019768378564274283 0.011399943379195993 -0.7718877551020435 -19.0 -69.0
121.99075357171898 325.2032520325203 -0.024716374917280508 0.016453416278167265 -0.820000000000003 -23.0 -69.0
122.3721111078817 325.2032520325203 -0.02961991982866925 0.021968817197592215 -0.8681122448979623 -25.0 -71.0
121.7433464829066 325.2032520325203 -0.03427053763611773 0.02769910113549992 -0.9099489795918396 -28.0 -68.0
121.79932347804606 325.2032520325203 -0.03857347487929569 0.03350456581490088 -0.955969387755105 -25.0 -69.0
121.76080801477052 325.2032520325203 -0.0424392395086334 0.03924259382050189 -0.9998979591836763 -24.0 -66.0
122.07516177232301 325.2032520325203 -0.046080036912551914 0.04521614916085367 -1.0469642857142887 -23.0 -68.0
121.81948897134274 325.2032520325203 -0.04951606424630667 0.05148570090338799 -1.091938775510207 -25.0 -68.0
121.74717552018934 325.2032520325203 -0.05275797969697345 0.058115511172975504 -1.1400510204081664 -25.0 -71.0
122.4053196741375 325.2032520325203 -0.05546113863690254 0.06440074667064037 -1.1892091836734728 -21.0 -68.0
121.91500025991859 325.2032520325203 -0.05807441758167607 0.07138471101207484 -1.2362755102040852 -26.0 -71.0
120.91667886627431 325.2032520325203 -0.060276352780738396 0.07818655225322091 -1.2791581632653095 -26.0 -67.0
120.57552734725218 325.2032520325203 -0.06217025520022593 0.08508051312604897 -1.326224489795922 -24.0 -69.0
119.72104436459188 325.2032520325203 -0.06374500152880146 0.09205430240385648 -1.3711989795918402 -25.0 -68.0
118.8293570570024 325.2032520325203 -0.06501444278892843 0.09916817673150574 -1.4172193877551056 -25.0 -69.0
118.46752409485154 325.2032520325203 -0.06592791972976302 0.10618143675296249 -1.465331632653065 -23.0 -69.0
118.0154205027023 325.2032520325203 -0.06650304610038182 0.11323051370727494 -1.5134438775510244 -23.0 -69.0
116.87132571336066 325.2032520325203 -0.06674690058432076 0.12022188725839406 -1.5584183673469427 -24.0 -67.0
116.17833311002936 325.2032520325203 -0.06666430865383345 0.12729390499189971 -1.6065306122449021 -23.0 -69.0
115.56865478736736 325.2032520325203 -0.06628408223831438 0.13381720818227547 -1.6515051020408205 -21.0 -64.0
114.74678054852818 325.2032520325203 -0.06562223521735765 0.14024070137296624 -1.6954336734693918 -21.0 -63.0
112.84040578018589 325.2032520325203 -0.06455916938665984 0.14738832895854334 -1.7414540816326571 -25.0 -69.0
110.85730313962058 325.2032520325203 -0.06321638463938566 0.1542538732387234 -1.7864285714285755 -24.0 -67.0
109.86999674402993 325.2032520325203 -0.061552070253987956 0.16104863789742815 -1.835586734693882 -22.0 -69.0
109.0843885030973 325.2032520325203 -0.05971914772029921 0.16724054400423372 -1.8816071428571473 -20.0 -64.0
107.47936559439779 325.2032520325203 -0.05750255825666062 0.17363209750472844 -1.9276275510204126 -22.0 -66.0
105.9821471397039 325.2032520325203 -0.054809225548424254 0.18033766593590891 -1.977831632653066 -23.0 -71.0
102.2913735102581 325.2032520325203 -0.051732413741395804 0.1870456931499362 -2.0238520408163314 -26.0 -70.0
97.95888048467353 325.2032520325203 -0.04853617486177915 0.19326845991119695 -2.0667346938775557 -25.0 -66.0
93.14989384446532 325.2032520325203 -0.04503487059212075 0.19941346802032683 -2.110663265306127 -25.0 -67.0
96.25466340570965 325.2032520325203 -0.04177533914548945 0.2045377535328687 -2.1640051020408215 -14.0 -65.0
102.20345575943884 325.2032520325203 -0.03803218765412935 0.2097997040422073 -2.214209183673475 -18.0 -66.0
100.17076991444688 325.2032520325203 -0.03360966063961908 0.21541707154812606 -2.2612755102040873 -24.0 -69.0
105.80498032733446 325.2032520325203 -0.02916610291150767 0.2205180537787304 -2.3135714285714344 -19.0 -69.0
116.12083823318677 325.2032520325203 -0.02447216132461578 0.22538961794015194 -2.361683673469394 -21.0 -67.0
148.0952351453815 325.2032520325203 -0.019714839481934365 0.22986912076142255 -2.4108418367346998 -19.0 -66.0
263.5693296727527 325.2032520325203 -0.014565382619366577 0.23425641138554965 -2.4610459183673528 -20.0 -68.0
325.2032520325203 75.96810166233995 -0.009642786339228746 0.2380698111978429 -2.503928571428577 -20.0 -61.0
325.2032520325203 -325.2032520325203 -0.0033855752402839863 0.24253578987146446 -2.539489795918373 -33.0 -67.0
325.2032520325203 -325.2032520325203 0.0033024890321590875 0.24705518831631257 -2.555178571428577 -45.0 -60.0
325.2032520325203 -325.2032520325203 0.008247826430493849 0.2504461545619617 -2.5258928571428627 -53.0 -25.0
325.2032520325203 -325.2032520325203 0.011748041768024164 0.2530823110646266 -2.4662755102040874 -57.0 0.0
-325.2032520325203 183.0575594582369 0.015180441342637793 0.2560471934064434 -2.3920153061224547 -65.0 6.0
-325.2032520325203 151.88565502656363 0.018330773587546045 0.25920248393335077 -2.318801020408169 -64.0 6.0
-325.2032520325203 152.04078005275053 0.019191761875572658 0.2601856530101153 -2.2612755102040873 -36.0 19.0
-325.2032520325203 152.04078005275053 0.019191761875572658 0.2601856530101153 -2.2612755102040873 0.0 0.0
-325.2032520325203 152.04078005275053 0.019191761875572658 0.2601856530101153 -2.2612755102040873 0.0 0.0
-325.2032520325203 152.54511391898944 0.0191427686877004 0.26012641254111724 -2.2623214285714344 1.0 0.0
-325.2032520325203 165.23147974023308 0.017896384830261146 0.25866349395297233 -2.2905612244898017 26.0 -1.0
-325.2032520325203 186.49306080447522 0.015980318116202753 0.2565613147294278 -2.3292602040816384 37.0 0.0
325.2032520325203 -325.2032520325203 0.012760598507541136 0.2533667412395508 -2.3909693877551077 59.0 0.0
325.2032520325203 -325.2032520325203 0.010014000006477931 0.2510192172376325 -2.4777806122449038 65.0 -18.0
325.2032520325203 -325.2032520325203 0.007854629240346116 0.2494140441052258 -2.5269387755102097 41.0 -6.0
325.2032520325203 -325.2032520325203 0.007728926960360131 0.24932551162922786 -2.5290306122449038 2.0 0.0
325.2032520325203 -325.2032520325203 0.007039863863761398 0.24883533442705424 -2.5175255102040874 0.0 11.0
325.2032520325203 -325.2032520325203 0.005925457233559206 0.24801505281378877 -2.496607142857149 -1.0 19.0
325.2032520325203 -325.2032520325203 0.004726431012822005 0.24705263794899052 -2.4338520408163324 -20.0 40.0
325.2032520325203 -325.2032520325203 0.0037730946496405994 0.24615872965153432 -2.3428571428571487 -35.0 52.0
325.2032520325203 -325.2032520325203 0.0033183671208587484 0.2456372760196619 -2.2330357142857196 -48.0 57.0
325.2032520325203 -325.2032520325203 0.0027714475700434177 0.24480083750096435 -2.0667346938775566 -73.0 86.0
325.2032520325203 -325.2032520325203 0.0026124769932240935 0.24445087679412608 -1.9276275510204135 -64.0 69.0
325.2032520325203 -325.2032520325203 0.0024815539551034686 0.2440085977864971 -1.7895663265306174 -63.0 69.0
325.2032520325203 -325.2032520325203 0.0023904440757126903 0.24340038401661238 -1.6494132653061273 -63.0 71.0
325.2032520325203 -325.2032520325203 0.00238859507141171 0.24316976642880067 -1.5082142857142902 -66.0 69.0
325.2032520325203 -325.2032520325203 0.0024292680409908774 0.24286496820120476 -1.3680612244898 -65.0 69.0
325.2032520325203 -325.2032520325203 0.0024708493039186552 0.242716947726022 -1.225816326530616 -67.0 69.0
325.2032520325203 -325.2032520325203 0.0024089980884034164 0.2428577081240013 -1.0877551020408198 -67.0 65.0
325.2032520325203 -325.2032520325203 0.002489769520405209 0.24272688366805983 -0.9476020408163297 -66.0 68.0
325.2032520325203 -325.2032520325203 0.0025882716003566074 0.2426088311257524 -0.8032653061224524 -68.0 70.0
325.2032520325203 -325.2032520325203 0.0025882716003566074 0.2426088311257524 -0.6652040816326563 -66.0 66.0
325.2032520325203 -325.2032520325203 0.0023972287543854902 0.24273802292745922 -0.5240051020408192 -69.0 66.0
264.70588235294315 -264.70588235294315 0.0026048674901144697 0.24263765338003634 -0.3765306122449008 -69.0 72.0
161.764705882355 -161.764705882355 0.0031917934756664356 0.24245396100816463 -0.23010204081632946 -66.0 74.0
59.55882352941394 -59.55882352941394 0.003723265363940661 0.24236960374647823 -0.08471938775510512 -66.0 73.0
0 0 0.003876978278637135 0.24236622700907143 0.040790816326527535 -59.0 61.0
325.2032520325203 79.15536625708094 0.004936260222054626 0.2425565841125629 0.3148214285714255 -124.0 138.0
325.2032520325203 79.22244940941277 0.004863175957091736 0.24253274180059795 0.31586734693877244 -1.0 0.0
325.20325203252025 79.2895403627274 0.004790116669211391 0.24250882306151292 0.3169132653061194 -1.0 0.0
325.20325203252025 79.2895403627274 0.004790116669211391 0.24250882306151292 0.3169132653061194 0.0 0.0
325.2032520325203 80.63306824933254 0.003334272500260596 0.24201443049913765 0.33783163265305816 -20.0 0.0
325.2032520325203 84.34753163518002 -0.0006129082165301832 0.24049890900320958 0.3953571428571398 -55.0 0.0
325.20325203252037 89.06209296157468 -0.005431211290399267 0.23828072289087168 0.46752551020407856 -69.0 0.0
325.2032520325203 93.36839800048024 -0.009614105755359715 0.2359958743275084 0.5323724489795888 -62.0 0.0
325.2032520325203 94.49514818660558 -0.015093901018103591 0.2325795678236347 0.5825765306122419 -66.0 -18.0
325.2032520325203 96.5259660121293 -0.020505736573462857 0.22878211308601779 0.6411479591836705 -71.0 -15.0
325.2032520325203 97.8306487326852 -0.02557808987593866 0.22478579750477762 0.6934438775510174 -67.0 -17.0
325.2032520325203 99.02521040082352 -0.03060575427961141 0.2203751732111354 0.7467857142857113 -69.0 -18.0
325.2032520325203 100.24438460813423 -0.035228454775520814 0.21586629903068646 0.7990816326530582 -67.0 -17.0
325.2032520325203 101.20037762012647 -0.03966380836466696 0.21106778934747508 0.8503316326530582 -67.0 -18.0
325.2032520325203 102.41600507407574 -0.04384227018945616 0.2060439946244192 0.9036734693877521 -68.0 -17.0
325.2032520325203 102.72323499761326 -0.04798532222686424 0.20050285562798273 0.9538775510204052 -69.0 -21.0
325.2032520325203 103.02654789542258 -0.05188493270137649 0.19469494659910674 1.0051275510204052 -70.0 -21.0
325.2032520325203 103.26477290555394 -0.05532978742774629 0.18896223415822566 1.0542857142857114 -67.0 -20.0
325.2032520325203 103.76551501158653 -0.05848261709546808 0.1830638715801911 1.1055357142857114 -68.0 -19.0
325.2032520325203 104.01833302220716 -0.06139458584895481 0.17687261229840182 1.1567857142857114 -69.0 -20.0
325.2032520325203 104.30707861262204 -0.06390143114139663 0.1707550675913921 1.2069897959183644 -67.0 -19.0
325.2032520325203 104.73233311827312 -0.06604703537898106 0.164664444576818 1.2571938775510174 -66.0 -18.0
325.2032520325203 103.62626551138074 -0.06801079502680481 0.15811044567834356 1.3021683673469358 -66.0 -23.0
325.2032520325203 102.74341480250492 -0.06967096428920007 0.15147304471593193 1.349234693877548 -67.0 -22.0
325.2032520325203 101.6161810231276 -0.07100535666060999 0.1448409543969508 1.3952551020408133 -66.0 -22.0
325.2032520325203 100.42472193576855 -0.07208837187738053 0.1376963223488504 1.4454591836734663 -71.0 -23.0
325.2032520325203 99.5312853401184 -0.07278071279748005 0.1308122998610272 1.4956632653061193 -69.0 -21.0
325.2032520325203 99.10099503342005 -0.07311963282535419 0.12374792519197786 1.5500510204081601 -72.0 -20.0
325.2032520325203 98.63419967786551 -0.0730830840569851 0.11698302392237084 1.6023469387755072 -69.0 -19.0
325.2032520325203 96.88325908505206 -0.0726906279198295 0.10999841603638083 1.6515051020408134 -69.0 -22.0
325.2032520325203 95.07172233418703 -0.07198318914997871 0.1032705073429671 1.6996173469387725 -67.0 -21.0
325.2032520325203 92.23454318398021 -0.07092149487109636 0.0963559159306844 1.7466836734693847 -68.0 -23.0
325.2032520325203 91.01288753211088 -0.06963232668072844 0.0900284083939885 1.7968877551020377 -66.0 -18.0
325.2032520325203 88.76924803513714 -0.06797331340455354 0.08354931193189594 1.8460459183673439 -67.0 -20.0
325.2032520325203 86.96671554660053 -0.06608875416072368 0.07745334508100835 1.89520408163265 -65.0 -18.0
325.2032520325203 83.63625401850159 -0.06391947305898618 0.07145279553181957 1.9401785714285684 -63.0 -20.0
325.2032520325203 82.04474996396283 -0.061398641603218854 0.0654242413591975 1.9935204081632623 -68.0 -17.0
325.2032520325203 79.068952131723 -0.058499484032161174 0.059397144098176737 2.044770408163262 -68.0 -19.0
325.2032520325203 75.64189482651074 -0.055295379503965666 0.053526477169452025 2.096020408163262 -68.0 -19.0
325.2032520325203 75.16521005101508 -0.05198189446060742 0.04816382102441147 2.1524999999999967 -68.0 -14.0
325.20325203252025 75.615270913337 -0.04845904454945734 0.04312278655681359 2.2089795918367314 -67.0 -13.0
325.2032520325203 89.78628709306366 -0.04496458718405035 0.03873166953070534 2.2769642857142824 -69.0 -4.0
325.2032520325203 98.27899086667016 -0.040824117782604294 0.03418425123724597 2.341811224489793 -71.0 -9.0
325.2032520325203 98.06490425624236 -0.03588472987905625 0.029339506796020695 2.3899234693877522 -68.0 -22.0
325.2032520325203 96.56345096613533 -0.030672832330717416 0.024673149213682553 2.4328061224489765 -66.0 -25.0
325.2032520325203 107.55264990093292 -0.025490068973297055 0.02044585930209548 2.4819642857142825 -67.0 -20.0
325.2032520325203 143.1550611476946 -0.020041858781197484 0.016435593637242046 2.5321683673469355 -68.0 -20.0
325.2032520325203 290.7343397746277 -0.014275020258488657 0.01261294076057361 2.580280612244895 -68.0 -22.0
-325.2032520325203 325.2032520325203 -0.008066831231540837 0.008914687379829577 2.6283928571428543 -70.0 -24.0
-325.2032520325203 325.2032520325203 -0.0012301882551294142 0.005234221111310142 2.667091836734691 -69.0 -32.0
-325.2032520325203 325.2032520325203 0.004850890774279052 0.002098661934111667 2.6639540816326504 -43.0 -46.0
-325.2032520325203 325.2032520325203 0.008755689754903631 -5.377772437199042e-05 2.6116581632653033 -4.0 -54.0
-325.2032520325203 325.2032520325203 0.012594093754493411 -0.0024700866608613177 2.54785714285714 1.0 -60.0
178.1078550560414 -325.2032520325203 0.016195986096388594 -0.005098170205936862 2.4746428571428543 6.0 -64.0
173.98586208355601 -325.2032520325203 0.018313123685029367 -0.0069976958233975315 2.345994897959181 43.0 -80.0
179.06519712286644 -325.2032520325203 0.018575302760165696 -0.007278776369123592 2.296836734693875 21.0 -26.0
179.06519712286644 -325.2032520325203 0.018575302760165696 -0.007278776369123592 2.296836734693875 0.0 0.0
180.65848608118614 -325.2032520325203 0.018421917247988275 -0.007106553329784859 2.2999744897959156 0.0 3.0
192.65631118561015 -325.2032520325203 0.017280674730118774 -0.00585839785953811 2.3229846938775482 0.0 22.0
215.39772587982 -325.2032520325203 0.015130910060831235 -0.003659730793635899 2.3669132653061196 -1.0 41.0
-325.2032520325203 325.2032520325203 0.011208775268513532 -8.856112369357624e-05 2.439081632653058 0.0 69.0
-325.2032520325203 325.2032520325203 0.008651156385598012 0.0018820763904763877 2.531122448979589 -23.0 65.0
-325.2032520325203 325.2032520325203 0.005952525374201188 0.0036547064214832396 2.5896938775510177 -7.0 49.0
-325.2032520325203 325.2032520325203 0.005952525374201188 0.0036547064214832396 2.5896938775510177 0.0 0.0
-325.2032520325203 325.2032520325203 0.005757095706996367 0.0037771610490038563 2.5740051020408137 9.0 -6.0
-325.2032520325203 325.2032520325203 0.005183833055072679 0.00416453805856227 2.5206632653061196 30.0 -21.0
-325.2032520325203 325.2032520325203 0.004454264187018097 0.00472910472138036 2.44535714285714 42.0 -30.0
-325.2032520325203 325.2032520325203 0.0039545339785793734 0.005207603137677416 2.310433673469385 69.0 -60.0
-325.2032520325203 325.2032520325203 0.0036181294753987606 0.005627615668281927 2.1817857142857116 65.0 -58.0
-325.2032520325203 325.2032520325203 0.003388108893210469 0.006027418237395433 2.003979591836732 88.0 -82.0
-325.2032520325203 325.2032520325203 0.0031696731246724855 0.0066023189375369615 1.863826530612242 71.0 -63.0
-325.2032520325203 325.2032520325203 0.0031220961449135933 0.006827983116400206 1.6933418367346909 83.0 -80.0
-325.2032520325203 325.2032520325203 0.0031107887820442937 0.007135275149399666 1.5218112244897928 84.0 -80.0
-325.2032520325203 325.2032520325203 0.003157043762175151 0.007516856880406398 1.3785204081632623 71.0 -66.0
-325.2032520325203 325.2032520325203 0.0032377263284042394 0.00781358330913611 1.232091836734691 72.0 -68.0
-325.2032520325203 325.2032520325203 0.003299135568509261 0.00795453708783581 1.0877551020408134 70.0 -68.0
-325.2032520325203 325.2032520325203 0.003501918655364391 0.008281069108180683 0.9423724489795888 72.0 -67.0
-325.2032520325203 325.2032520325203 0.0038486168142487505 0.008692625789879808 0.7990816326530582 72.0 -65.0
-325.2032520325203 325.2032520325203 0.0039061934561546116 0.008743563947795503 0.6495153061224459 72.0 -71.0
-325.2032520325203 325.2032520325203 0.004293206902287311 0.008994506481082493 0.5009948979591806 74.0 -68.0
-250.73529411764494 250.73529411764494 0.00471269270224495 0.009186296017121088 0.3566581632653031 72.0 -66.0
-144.85294117646845 144.85294117646845 0.004860397393064035 0.00922898543981616 0.2060459183673439 73.0 -71.0
-48.52941176470376 48.52941176470376 0.004479652233160121 0.009176285688063961 0.06903061224489493 63.0 -68.0
0 0 0.004556518392628276 0.009177451515502427 -0.038698979591839766 52.0 -51.0
325.2032520325203 -325.2032520325203 0.004176404734210142 0.00923452819470666 -0.25938775510204426 103.0 -108.0
325.2032520325203 -325.2032520325203 0.004176404734210142 0.00923452819470666 -0.25938775510204426 0.0 0.0
325.2032520325203 -325.2032520325203 0.004325052529839031 0.0091952484880546 -0.2572959183673502 0.0 2.0
325.2032520325203 -325.2032520325203 0.005368681583030879 0.008932279931314657 -0.23637755102041158 -3.0 17.0
325.2032520325203 -325.2032520325203 0.004541034225698123 0.009105720101186304 -0.17676020408163584 -34.0 23.0
325.2032520325203 -325.2032520325203 0.004617279097821297 0.00909589741825745 -0.07948979591837091 -46.0 47.0
325.2032520325203 -325.2032520325203 0.005078456187608836 0.009087696542993448 0.04392857142856786 -56.0 62.0
325.2032520325203 -325.2032520325203 0.005536980096408672 0.00913777036408711 0.17362244897958828 -59.0 65.0
325.2032520325203 -325.2032520325203 0.0056863027755764215 0.009174400952209134 0.30749999999999644 -63.0 65.0
325.2032520325203 -325.2032520325203 0.006187245588324721 0.009370958358533146 0.44033163265305764 -60.0 67.0
325.2032520325203 -325.2032520325203 0.006858407132844635 0.009745816656637433 0.5783928571428536 -61.0 71.0
325.2032520325203 -325.2032520325203 0.007286446393540814 0.010071946855986816 0.7237755102040782 -66.0 73.0
325.2032520325203 -325.2032520325203 0.007394011531649646 0.01018180496248619 0.8681122448979557 -68.0 70.0
325.20325203252037 -325.20325203252037 0.007529881691399293 0.010368157290925105 1.0134948979591802 -68.0 71.0
325.2032520325203 -325.2032520325203 0.007601721540204261 0.01050409146110935 1.155739795918364 -67.0 69.0
325.2032520325203 -325.2032520325203 0.007679373207769134 0.010721250640398172 1.2990306122448945 -67.0 70.0
325.2032520325203 -325.2032520325203 0.007725454890244889 0.01094722490699772 1.4402295918367312 -66.0 69.0
325.2032520325203 -325.2032520325203 0.007720927933698535 0.010870483312738627 1.583520408163262 -69.0 68.0
325.2032520325203 -325.2032520325203 0.007714609973130787 0.010947098252530187 1.7226275510204048 -66.0 67.0
325.20325203252037 -325.20325203252037 0.007714609973130787 0.010947098252530187 1.8669642857142823 -69.0 69.0
325.2032520325203 -325.2032520325203 0.007769519445168519 0.01080348762485752 2.0050255102040784 -67.0 65.0
325.2032520325203 -325.2032520325203 0.007843811399412643 0.010668877937113326 2.145178571428568 -68.0 66.0
290.78192252511013 -290.78192252511013 0.007982459423066303 0.010484583020846127 2.2863775510204047 -69.0 66.0
187.84074605452196 -187.84074605452196 0.008091545814148293 0.0103762353315274 2.432806122448976 -71.0 69.0
87.84074605452193 -87.84074605452193 0.008338618548740255 0.01019317437495487 2.57505102040816 -70.0 66.0
0 0 0.008271313845143107 0.010230320606240155 2.6995153061224455 -59.0 60.0
325.2032520325203 -325.2032520325203 0.007308151643713031 0.010496908236038252 3.0436224489795882 -158.0 171.0
325.2032520325203 -325.2032520325203 0.007384661931278841 0.01048942882953793 3.0446683673469352 -1.0 0.0
325.2032520325203 -325.2032520325203 0.0073081438627148505 0.010496828208446756 3.0457142857142823 0.0 1.0
325.2032520325203 -325.2032520325203 0.0073081438627148505 0.010496828208446756 3.0457142857142823 0.0 0.0
325.2032520325203 -325.2032520325203 0.007538249631877342 0.010481361288160601 3.103239795918364 -29.0 26.0
257.9961269985636 -257.9961269985636 0.00738452489065724 0.010478574455404087 -3.066986327587753 -53.0 55.0
164.613774057387 -164.613774057387 0.007308413040618149 0.010467769275691237 -2.9341546949346915 -63.0 64.0
71.96671523385753 -71.96671523385753 0.007012328326669434 0.010384762696639287 -2.802368980648977 -61.0 65.0
0 0 0.0068705835291381166 0.01032520201436645 -2.68522612350612 -55.0 57.0
-325.2032520325203 325.2032520325203 0.006302914513280732 0.009929673375630254 -2.380863878608161 -141.0 150.0
-325.2032520325203 325.2032520325203 0.006302914513280732 0.009929673375630254 -2.380863878608161 0.0 0.0
-325.2032520325203 325.2032520325203 0.006302914513280732 0.009929673375630254 -2.380863878608161 0.0 0.0
-325.2032520325203 325.2032520325203 0.007089428901350774 0.010664322393773481 -2.399690409220406 2.0 -16.0
-325.2032520325203 325.2032520325203 0.006797410520066263 0.010414383590029495 -2.467675103097957 35.0 -30.0
-325.2032520325203 325.2032520325203 0.006984400782771318 0.010549374450010807 -2.5649455112612225 45.0 -48.0
-325.2032520325203 325.2032520325203 0.007051247405596983 0.010587338836503982 -2.6852261235061206 57.0 -58.0
-325.2032520325203 325.2032520325203 0.007193301741507709 0.010646157440269822 -2.812828164322447 60.0 -62.0
-325.2032520325203 325.2032520325203 0.007193301741507709 0.010646157440269822 -2.950889388812243 66.0 -66.0
-325.2032520325203 325.2032520325203 0.007193301741507709 0.010646157440269822 -3.0931342867714267 68.0 -68.0
-247.45337159253666 247.45337159253666 0.007193301741507709 0.010646157440269822 3.0519897959183635 66.0 -66.0
-152.6004304160661 152.6004304160661 0.0069655155753637985 0.0106822317127983 2.9170663265306085 66.0 -63.0
-65.83572453371323 65.83572453371323 0.006523032201698509 0.010812462379424034 2.79364795918367 62.0 -56.0
0 0 0.00624046521616301 0.010933756025940993 2.6785969387755064 57.0 -53.0
-325.2032520325203 325.2032520325203 0.005342159530436906 0.011526513107292328 2.4380357142857103 122.0 -108.0
-325.2032520325203 325.2032520325203 0.005342159530436906 0.011526513107292328 2.4359438775510163 1.0 -1.0
-325.2032520325203 325.2032520325203 0.005342159530436906 0.011526513107292328 2.4359438775510163 0.0 0.0
-325.2032520325203 325.2032520325203 0.005400650005261861 0.011476626937066992 2.4348979591836692 0.0 -1.0
-325.2032520325203 325.2032520325203 0.005343537587369697 0.01152808504961993 2.381556122448975 26.0 -25.0
-325.2032520325203 325.2032520325203 0.005396149536362422 0.011472033747688692 2.267551020408159 54.0 -55.0
-325.2032520325203 325.2032520325203 0.0054865776662795535 0.011347688197628826 2.131581632653057 64.0 -66.0
-325.2032520325203 325.2032520325203 0.005450527650887762 0.011415586371501557 1.9861989795918322 70.0 -69.0
-325.20325203252037 325.20325203252037 0.005398936932906355 0.011560422348793674 1.8397704081632609 71.0 -69.0
-325.2032520325203 325.2032520325203 0.0054141659748509745 0.01148507089289235 1.700663265306118 66.0 -67.0
-325.2032520325203 325.2032520325203 0.005404818158314381 0.011638536461753897 1.5626020408163221 67.0 -65.0
-325.2032520325203 325.2032520325203 0.005404818158314381 0.011638536461753897 1.4203571428571384 68.0 -68.0
-325.2032520325203 325.2032520325203 0.005421750914535624 0.011713523443235698 1.277066326530608 69.0 -68.0
-325.2032520325203 325.2032520325203 0.0054493684826100565 0.011785266286493084 1.1295918367346895 71.0 -70.0
-325.2032520325203 325.2032520325203 0.005639016861389413 0.012119597907868271 0.9800255102040774 74.0 -69.0
-325.2032520325203 325.2032520325203 0.005923646645653065 0.012482554445776086 0.8315051020408121 74.0 -68.0
-325.2032520325203 325.2032520325203 0.005979375844159838 0.012535507463242447 0.6882142857142814 69.0 -68.0
-325.2032520325203 325.2032520325203 0.0060422348110904505 0.01257976258612575 0.5386479591836693 72.0 -71.0
-278.67647058823235 278.67647058823235 0.006316735823729433 0.01271834629389897 0.39640306122448554 70.0 -66.0
-178.67647058823232 178.67647058823232 0.0061710483065800835 0.012669211684438244 0.2541581632653019 67.0 -69.0
-79.41176470587938 79.41176470587938 0.00564196361470041 0.012570987937596704 0.11295918367346516 64.0 -71.0
0 0 0.005104559659318993 0.012543140058585773 -0.009413265306126739 55.0 -62.0
325.2032520325203 282.13185301709467 0.004952904284414145 0.012568432542893759 -0.32109693877551493 148.0 -150.0
325.2032520325203 281.6199060150401 0.004952904284414145 0.012568432542893759 -0.32318877551020897 1.0 -1.0
325.2032520325203 282.2686980980109 0.004734104671891054 0.012641333984475839 -0.3200510204081679 -3.0 0.0
325.2032520325203 282.70289145393355 0.004588111680748079 0.012689553368929886 -0.31795918367347387 -2.0 0.0
325.2032520325203 283.8275383896079 0.0009295589324659539 0.013868283978754415 -0.3054081632653105 -31.0 -19.0
325.2032520325203 277.7395253167581 -0.0064669182705152355 0.016229987627903595 -0.31272959183673876 -47.0 -54.0
325.2032520325203 273.04896224247324 -0.01554318160576758 0.019143748105217056 -0.3085459183673507 -64.0 -60.0
325.2032520325203 267.801968837057 -0.0246315556964998 0.0220195110712675 -0.3043622448979626 -64.0 -60.0
325.2032520325203 261.5804453373051 -0.03380377396059855 0.024884908078029115 -0.30122448979592154 -64.0 -61.0
325.2032520325203 255.74394176634567 -0.043359865704006975 0.027809997761109144 -0.29285714285714626 -69.0 -61.0
325.2032520325203 247.82504847525192 -0.05211987052908153 0.030446379084115283 -0.29181122448979924 -60.0 -59.0
325.2032520325203 240.66161099572437 -0.06103823947390349 0.033089781036081775 -0.284489795918371 -64.0 -57.0
325.2032520325203 234.6644317594159 -0.07005904124566471 0.03565611830095747 -0.2698469387755136 -68.0 -54.0
325.2032520325203 229.2318200897804 -0.07874889912683941 0.0379767112522548 -0.252066326530616 -67.0 -50.0
325.2032520325203 222.55287510610938 -0.08755211250818222 0.040165549008930004 -0.23533163265306456 -67.0 -51.0
325.2032520325203 215.98348253842977 -0.09631898210310438 0.0421757179436851 -0.21545918367347294 -68.0 -49.0
325.2032520325203 209.0813865175769 -0.10489922780618718 0.04395972964130063 -0.1945408163265343 -67.0 -47.0
325.2032520325203 201.06162302460484 -0.11351491220441631 0.04556387938886514 -0.17362244897959567 -67.0 -47.0
325.2032520325203 192.2375740496554 -0.12208714819979556 0.04697049493873988 -0.15165816326531 -67.0 -46.0
325.2032520325203 183.7309672960205 -0.1305384624706061 0.04814926945560851 -0.12551020408163627 -68.0 -43.0
325.2032520325203 172.76694665691522 -0.13893981833389416 0.04911123812500241 -0.10250000000000359 -66.0 -44.0
325.2032520325203 160.7017332122449 -0.1473618823987857 0.0498708439105008 -0.07739795918367687 -67.0 -43.0
325.2032520325203 144.3410249030926 -0.15772124496087603 0.05049461135337236 -0.04288265306122785 -84.0 -51.0
325.2032520325203 129.59370886773516 -0.1657897812757818 0.05072674870640168 -0.014642857142860066 -66.0 -39.0
325.2032520325203 111.76068358316915 -0.17516840302808864 0.05067770189552417 0.025102040816323612 -80.0 -42.0
325.2032520325203 96.09471151025849 -0.18284848686190033 0.05034010960351476 0.06275510204081342 -68.0 -32.0
325.2032520325203 75.94610041156245 -0.19203705480053854 0.049521058788833575 0.11505102040816034 -85.0 -35.0
325.2032520325203 57.02774701826558 -0.19934789001956293 0.048513046685596445 0.15897959183673177 -69.0 -27.0
325.2032520325203 34.50123441453823 -0.20653247251157814 0.04720254709343559 0.20186224489795626 -68.0 -27.0
325.2032520325203 -76.79491021546498 -0.2129000348862271 0.04573550720114242 0.2510204081632624 -66.0 -19.0
325.2032520325203 -94.02285090433699 -0.21903804995268683 0.04399276613186724 0.3022704081632624 -66.0 -17.0
325.2032520325203 -107.46422800002082 -0.22405443478242054 0.04226873672937943 0.35979591836734404 -62.0 -7.0
325.2032520325203 -118.47486441893726 -0.2283185170658904 0.04051011268490648 0.42255102040816034 -60.0 0.0
325.2032520325203 -132.09416818472505 -0.23287145189764352 0.0382709781466732 0.4915816326530583 -66.0 0.0
325.2032520325203 -152.89689854522578 -0.23868217485031867 0.03480677206630586 0.5836224489795889 -88.0 0.0
325.2032520325203 -170.79128565157185 -0.24327653181883319 0.0314521095485014 0.6777551020408135 -82.0 8.0
325.2032520325203 -120.92825463978997 -0.24706027386337637 0.02818836079806407 0.7457397959183645 -65.0 0.0
325.2032520325203 -155.7212093110959 -0.2508205043137656 0.02444709615885579 0.8199999999999972 -70.0 1.0
325.2032520325203 -186.6921243373685 -0.2538939208329824 0.02090529594003623 0.8921683673469359 -65.0 4.0
325.20325203252037 -200.21951600251373 -0.25570162254859735 0.018417759104658173 0.992576530612242 -68.0 28.0
325.2032520325203 -205.87141347406836 -0.2567783073540892 0.016553890525701206 1.1013520408163238 -66.0 38.0
325.2032520325203 -213.46711452218074 -0.257794627262585 0.014145824308568651 1.2415051020408137 -84.0 50.0
325.2032520325203 -325.2032520325203 -0.2584403365841151 0.011851844309154059 1.3513265306122422 -68.0 37.0
325.2032520325203 -325.2032520325203 -0.2587788233340565 0.009570569274745864 1.4956632653061197 -84.0 54.0
325.2032520325203 -325.2032520325203 -0.2587930565053694 0.008186892477464658 1.62535714285714 -71.0 53.0
325.2032520325203 -325.2032520325203 -0.25866830073960506 0.007195334920116845 1.7665561224489768 -74.0 61.0
325.2032520325203 -325.2032520325203 -0.2586481432164355 0.007121149747173266 1.9056632653061196 -67.0 66.0
325.2032520325203 -325.2032520325203 -0.2585278858460547 0.006838140180428435 2.039540816326528 -66.0 62.0
325.2032520325203 -325.2032520325203 -0.2584884739185415 0.006772136653290135 2.178647959183671 -67.0 66.0
325.2032520325203 -325.2032520325203 -0.2584884739185415 0.006772136653290135 2.314617346938773 -65.0 65.0
325.2032520325203 -325.2032520325203 -0.2585442767757628 0.006825012042186486 2.451632653061222 -65.0 66.0
325.2032520325203 -325.2032520325203 -0.2587941909884598 0.007004174360468115 2.587602040816324 -63.0 67.0
296.0802012324243 -296.0802012324243 -0.2591337753948184 0.007184248155294211 2.7204336734693855 -61.0 66.0
203.43314240889484 -203.43314240889484 -0.2591337753948184 0.007184248155294211 2.8522193877551 -63.0 63.0
106.37431887948297 -106.37431887948297 -0.258983742667781 0.007150643939521267 2.990280612244896 -67.0 65.0
0 0 -0.25890716536536384 0.00714388506539125 3.1168367346938757 -61.0 60.0
161.53097741678744 325.2032520325203 -0.2593625733965771 0.007070706601301762 -2.798185307179588 -173.0 179.0
161.42070609685064 325.2032520325203 -0.2594349463414459 0.0070447851338275875 -2.797139388812241 0.0 1.0
161.42070609685064 325.2032520325203 -0.2594349463414459 0.0070447851338275875 -2.797139388812241 0.0 0.0
163.2016074847291 325.2032520325203 -0.2582737614754724 0.00745043240305791 -2.813874082689792 0.0 -16.0
167.10807097240288 325.2032520325203 -0.25578455014349327 0.00824762498157754 -2.849435307179588 0.0 -34.0
171.35176006910953 325.2032520325203 -0.2517104148753078 0.009378316288766335 -2.8923179602408124 -7.0 -48.0
172.34257096118353 325.2032520325203 -0.24527870905093208 0.010908606049299052 -2.9236955112612204 -28.0 -58.0
172.15125672241572 325.2032520325203 -0.23744828722370903 0.012522458275417996 -2.9529812255469348 -38.0 -66.0
172.32626415313283 325.2032520325203 -0.2291931285497646 0.013959914590797668 -2.9854046949346897 -39.0 -70.0
172.53345465501806 325.2032520325203 -0.22135360799573825 0.015072848101221207 -3.015736327587751 -37.0 -66.0
173.12218958913 325.2032520325203 -0.21355989407934658 0.015934953055355538 -3.047113878608159 -36.0 -66.0
174.6560986925858 325.2032520325203 -0.20620218573264726 0.016508126576124882 -3.080583266363261 -32.0 -64.0
176.15342042200984 325.2032520325203 -0.1983686198764505 0.016855182103566856 -3.114052654118363 -35.0 -67.0
293.2464975024677 325.2032520325203 -0.1906047430706252 0.016943137118165846 3.136709183673468 -35.0 -66.0
301.65482126244217 325.2032520325203 -0.18268820945702588 0.016784394999063798 3.106377551020407 -37.0 -66.0
308.9746061262697 325.2032520325203 -0.1744717622040223 0.016395934989236714 3.082321428571427 -42.0 -65.0
315.2798274022365 325.2032520325203 -0.16526851339282286 0.01576281863408862 3.063494897959182 -51.0 -69.0
318.01803399030183 325.2032520325203 -0.15546180415346542 0.014954082648304973 3.0551275510204063 -60.0 -68.0
320.87491406926455 325.2032520325203 -0.14589142960051196 0.01408920184333464 3.0478061224489776 -59.0 -66.0
321.0137317517885 325.2032520325203 -0.13571249013602582 0.01312637500586516 3.0467602040816306 -66.0 -67.0
319.996315985547 325.2032520325203 -0.12568661743040413 0.012178026767455372 3.0478061224489776 -66.0 -65.0
320.0557687235105 325.2032520325203 -0.11566074472478244 0.011229678529045583 3.0467602040816306 -65.0 -66.0
320.89850207270086 325.2032520325203 -0.10555985027186109 0.010258242735519962 3.0446683673469366 -65.0 -67.0
321.2792121681944 325.2032520325203 -0.09584304375100322 0.009308358109978973 3.0436224489795896 -63.0 -64.0
315.5669058556406 325.2032520325203 -0.086200316279293 0.008391163491141189 3.0498979591836712 -66.0 -60.0
316.6911559153932 325.2032520325203 -0.07617345716288829 0.007453302013951461 3.0467602040816306 -64.0 -67.0
324.5498018581701 325.2032520325203 -0.06653465131157998 0.006495773516576611 3.038392857142855 -59.0 -67.0
325.2032520325203 319.8658152363664 -0.056749145672312845 0.005461617153219945 3.0342091836734673 -62.0 -66.0
325.2032520325203 311.93036828211456 -0.04681408605772584 0.004380123039920069 3.032117346938773 -64.0 -66.0
325.2032520325203 300.25985142864226 -0.03672733344667906 0.0032714400313278848 3.032117346938773 -66.0 -66.0
325.2032520325203 275.9551711691868 -0.026716421593444097 0.002176391284748706 3.0331632653061202 -66.0 -65.0
325.2032520325203 192.06065315486083 -0.016399833042400426 0.0010479059352205447 3.032117346938773 -67.0 -68.0
70.34490711477737 -70.34490711477737 -0.0071489622623394 7.514269257713165e-05 3.0415306122448955 -65.0 -56.0
59.31549535007156 -59.31549535007156 0.0021133887419418126 -0.0007814391126906577 3.0572193877550995 -68.0 -53.0
43.13902476183624 -43.13902476183624 0.009473804361257467 -0.0013187303846597322 3.080229591836732 -59.0 -37.0
0 0 0.013619226237642418 -0.0015386258809507532 3.096964285714283 -35.0 -19.0
0 0 0.018846400769453726 -0.0015969582388941455 -3.119282245955099 -66.0 -2.0
0 0 0.018846400769453726 -0.0015969582388941455 -3.119282245955099 0.0 0.0
0 0 0.018846400769453726 -0.0015969582388941455 -3.119282245955099 0.0 0.0
0 0 0.018846400769453726 -0.0015969582388941455 -3.119282245955099 0.0 0.0
0 0 0.018846400769453726 -0.0015969582388941455 -3.119282245955099 0.0 0.0
0 0 0.018846400769453726 -0.0015969582388941455 -3.119282245955099 0.0 0.0
0 0 0.018846400769453726 -0.0015969582388941455 -3.119282245955099 0.0 0.0
0 0 0.018846400769453726 -0.0015969582388941455 -3.119282245955099 0.0 0.0
0 0 0.018846400769453726 -0.0015969582388941455 -3.119282245955099 0.0 0.0
0 0 0.018846400769453726 -0.0015969582388941455 -3.119282245955099 0.0 0.0
0 0 0.018846400769453726 -0.0015969582388941455 -3.119282245955099 0.0 0.0
0 0 0.018846400769453726 -0.0015969582388941455 -3.119282245955099 0.0 0.0
0 0 0.018846400769453726 -0.0015969582388941455 -3.119282245955099 0.0 0.0
0 0 0.018846400769453726 -0.0015969582388941455 -3.119282245955099 0.0 0.0
0 0 0.018846400769453726 -0.0015969582388941455 -3.119282245955099 0.0 0.0
0 0 0.018846400769453726 -0.0015969582388941455 -3.119282245955099 0.0 0.0
0 0 0.018846400769453726 -0.0015969582388941455 -3.119282245955099 0.0 0.0
0 0 0.018846400769453726 -0.0015969582388941455 -3.119282245955099 0.0 0.0
0 0 0.018846400769453726 -0.0015969582388941455 -3.119282245955099 0.0 0.0
0 0 0.018846400769453726 -0.0015969582388941455 -3.119282245955099 0.0 0.0
0 0 0.018846400769453726 -0.0015969582388941455 -3.119282245955099 0.0 0.0
0 0 0.018846400769453726 -0.0015969582388941455 -3.119282245955099 0.0 0.0
0 0 0.018846400769453726 -0.0015969582388941455 -3.119282245955099 0.0 0.0
0 0 0.018846400769453726 -0.0015969582388941455 -3.119282245955099 0.0 0.0
0 0 0.018846400769453726 -0.0015969582388941455 -3.119282245955099 0.0 0.0
0 0 0.018846400769453726 -0.0015969582388941455 -3.119282245955099 0.0 0.0
0 0 0.018846400769453726 -0.0015969582388941455 -3.119282245955099 0.0 0.0
0 0 0.018846400769453726 -0.0015969582388941455 -3.119282245955099 0.0 0.0
0 0 0.018846400769453726 -0.0015969582388941455 -3.119282245955099 0.0 0.0
0 0 0.018846400769453726 -0.0015969582388941455 -3.119282245955099 0.0 0.0
0 0 0.018846400769453726 -0.0015969582388941455 -3.119282245955099 0.0 0.0
0 0 0.018846400769453726 -0.0015969582388941455 -3.119282245955099 0.0 0.0
0 0 0.018846400769453726 -0.0015969582388941455 -3.119282245955099 0.0 0.0
0 0 0.018846400769453726 -0.0015969582388941455 -3.119282245955099 0.0 0.0
0 0 0.018846400769453726 -0.0015969582388941455 -3.119282245955099 0.0 0.0
0 0 0.018846400769453726 -0.0015969582388941455 -3.119282245955099 0.0 0.0
0 0 0.018846400769453726 -0.0015969582388941455 -3.119282245955099 0.0 0.0
0 0 0.018846400769453726 -0.0015969582388941455 -3.119282245955099 0.0 0.0
0 0 0.018846400769453726 -0.0015969582388941455 -3.119282245955099 0.0 0.0
0 0 0.018846400769453726 -0.0015969582388941455 -3.119282245955099 0.0 0.0
0 0 0.018846400769453726 -0.0015969582388941455 -3.119282245955099 0.0 0.0
0 0 0.018846400769453726 -0.0015969582388941455 -3.119282245955099 0.0 0.0
0 0 0.018846400769453726 -0.0015969582388941455 -3.119282245955099 0.0 0.0
0 0 0.018846400769453726 -0.0015969582388941455 -3.119282245955099 0.0 0.0
0 0 0.018846400769453726 -0.0015969582388941455 -3.119282245955099 0.0 0.0
0 0 0.018846400769453726 -0.0015969582388941455 -3.119282245955099 0.0 0.0
0 0 0.018846400769453726 -0.0015969582388941455 -3.119282245955099 0.0 0.0
0 0 0.018846400769453726 -0.0015969582388941455 -3.119282245955099 0.0 0.0
0 0 0.018846400769453726 -0.0015969582388941455 -3.119282245955099 0.0 0.0
0 0 0.018846400769453726 -0.0015969582388941455 -3.119282245955099 0.0 0.0
0 0 0.018846400769453726 -0.0015969582388941455 -3.119282245955099 0.0 0.0
0 0 0.018846400769453726 -0.0015969582388941455 -3.119282245955099 0.0 0.0
0 0 0.018846400769453726 -0.0015969582388941455 -3.119282245955099 0.0 0.0
0 0 0.018846400769453726 -0.0015969582388941455 -3.119282245955099 0.0 0.0
0 0 0.018846400769453726 -0.0015969582388941455 -3.119282245955099 0.0 0.0
0 0 0.018846400769453726 -0.0015969582388941455 -3.119282245955099 0.0 0.0
0 0 0.018846400769453726 -0.0015969582388941455 -3.119282245955099 0.0 0.0
0 0 0.018846400769453726 -0.0015969582388941455 -3.119282245955099 0.0 0.0
0 0 0.018846400769453726 -0.0015969582388941455 -3.119282245955099 0.0 0.0
0 0 0.018846400769453726 -0.0015969582388941455 -3.119282245955099 0.0 0.0
