-68.2424028914472 -325.2032520325203 0.0 0.0 0.0 0 0
-68.2424028914472 -325.2032520325203 0.0 0.0 0.0 0.0 0.0
-68.38998010948019 -325.2032520325203 7.687498948787028e-05 4.020248541242635e-08 0.0010459183673469387 0.0 1.0
-69.13023489693543 -325.2032520325203 0.0004612474140189073 1.4472863962971094e-06 0.006275510204081633 0.0 5.0
-76.60242509558576 -325.2032520325203 0.004226205910410801 0.00012159214093234689 0.057525510204081635 0.0 49.0
-87.18410905767092 -325.2032520325203 0.009202169802945403 0.0005782573419460675 0.12551020408163266 0.0 65.0
-99.75280787176648 -325.2032520325203 0.014588264985882806 0.0014620600325753069 0.1997704081632653 0.0 71.0
-111.46830802531076 -325.2032520325203 0.019899257628022336 0.0027208235809690383 0.26566326530612244 4.0 67.0
-122.39221619812284 -325.2032520325203 0.0254150282560006 0.0043997238222452375 0.32528061224489796 9.0 66.0
-132.0962155370194 -325.2032520325203 0.03176412512551644 0.006735145399071166 0.3796683673469388 18.0 70.0
-143.2835808709687 -325.2032520325203 0.03811520996240288 0.00947974426906496 0.43614795918367355 18.0 72.0
-153.95266588915004 -325.20325203252025 0.04437814109668041 0.01259654755896347 0.48739795918367357 21.0 70.0
-164.31107635755745 -325.2032520325203 0.05094782525288019 0.01628390964455767 0.5355102040816327 26.0 72.0
-175.3796849187711 -325.2032520325203 0.059213790269282945 0.021479333795984653 0.5867602040816328 39.0 88.0
-186.37830029346557 -325.2032520325203 0.06677625635912302 0.02676229997418598 0.6327806122448981 38.0 82.0
-195.9614418826222 -325.2032520325203 0.07295225140631073 0.03146789285051282 0.669387755102041 33.0 68.0
-209.49269049829175 -325.2032520325203 0.0807629588127841 0.037945902271659254 0.7154081632653063 44.0 88.0
-223.31964342462248 -325.2032520325203 0.08703447361971518 0.04361831499368012 0.75515306122449 36.0 74.0
-239.04268653438604 -325.2032520325203 0.09493481079645337 0.051372641043947065 0.7969897959183675 52.0 92.0
-248.99980934363913 -325.2032520325203 0.1008742551992829 0.057606026976624175 0.822091836734694 44.0 68.0
-262.2751687816946 -325.2032520325203 0.10808395440630914 0.06559674932158183 0.8513775510204082 56.0 84.0
-276.5206764920462 -325.2032520325203 0.11556380962512498 0.07437293827055355 0.8785714285714287 62.0 88.0
-287.9577766196314 -325.2032520325203 0.1213845704648952 0.0815297090679312 0.8973979591836736 51.0 69.0
-302.1174507929612 -325.2032520325203 0.12853341379426306 0.09067534218258091 0.9172704081632654 66.0 85.0
-313.78616303718974 -325.2032520325203 0.13441645759455192 0.09846690206552526 0.9308673469387756 57.0 70.0
-324.6975223654043 -325.2032520325203 0.14015977882338757 0.10626675464906207 0.941326530612245 58.0 68.0
-325.2032520325203 -311.65678509268616 0.14586199568387154 0.11419161001945448 0.9528316326530614 58.0 69.0
-325.2032520325203 -294.14767422549465 0.15323979954619618 0.12469805869085114 0.9643367346938777 78.0 89.0
-325.2032520325203 -284.42676562113246 0.15905411722129187 0.13310826404587636 0.9674744897959185 65.0 68.0
-325.2032520325203 -270.1225550811797 0.16492010204053142 0.1416695548723859 0.9727040816326532 65.0 70.0
-325.2032520325203 -263.533143804484 0.1706035876948504 0.14998312683080275 0.9695663265306124 67.0 64.0
-325.2032520325203 -248.77896862841916 0.1777840650531144 0.16043942225739066 0.9685204081632655 83.0 82.0
-325.2032520325203 -245.1029927294167 0.18370366048084255 0.16896373269798612 0.959107142857143 72.0 63.0
-325.2032520325203 -242.9136909527022 0.18930739501073793 0.17686446673862805 0.9486479591836736 68.0 58.0
-325.2032520325203 -248.66761178867102 0.1960652897484966 0.1861129025714594 0.9308673469387756 83.0 66.0
-325.2032520325203 -259.3190251213731 0.201821292183538 0.19371138875081104 0.9141326530612246 70.0 54.0
-325.2032520325203 -275.96641857047547 0.20875651730140762 0.2025360823220899 0.8953061224489797 82.0 64.0
-325.2032520325203 -287.01758355481707 0.21461445559839912 0.20976169215270388 0.8838010204081633 66.0 55.0
-325.2032520325203 -290.13141454101105 0.22202803164806215 0.21869407459925685 0.872295918367347 81.0 70.0
-325.2032520325203 -314.51428657137694 0.22805807843152417 0.22577668812145926 0.8586989795918368 67.0 54.0
-325.2032520325203 -315.31694309064375 0.2358957796498744 0.23475179585075678 0.8471938775510205 83.0 72.0
-325.2032520325203 325.2032520325203 0.24229186280324924 0.2419232816232965 0.8377806122448981 67.0 58.0
-325.2032520325203 325.2032520325203 0.2489466289204816 0.24927573003797857 0.8325510204081634 67.0 62.0
-325.2032520325203 325.2032520325203 0.2556431583726465 0.2562742964882445 0.7823469387755103 87.0 39.0
-325.2032520325203 325.2032520325203 0.2591887974615325 0.25957343322639115 0.7164540816326531 63.0 0.0
325.2032520325203 -134.0649648943934 0.2636499249646328 0.2631033366193443 0.6223214285714286 82.0 -8.0
325.2032520325203 -161.97420795433175 0.2661026710633903 0.2646900748263368 0.5260969387755102 65.0 -27.0
325.2032520325203 -176.45368904900502 0.2672518794528794 0.2653123628168627 0.4664795918367347 37.0 -20.0
325.2032520325203 -178.76315520696411 0.26711448429970924 0.2652433582200206 0.46438775510204083 0.0 -2.0
325.2032520325203 -179.69216121047518 0.2669084457280147 0.26513974356083053 0.4675255102040817 -3.0 0.0
325.2032520325203 -179.69216121047518 0.2669084457280147 0.26513974356083053 0.4675255102040817 0.0 0.0
325.20325203252037 -179.52708073282284 0.2654816623075733 0.26438443189550387 0.5062244897959184 -29.0 8.0
325.2032520325203 -195.80803616610288 0.2624982953708755 0.2626332045796927 0.5553826530612245 -46.0 1.0
-325.2032520325203 325.2032520325203 0.258497781105287 0.25990341605739875 0.6421938775510204 -73.0 10.0
-325.2032520325203 325.2032520325203 0.2562453480194038 0.25804324220635183 0.7384183673469388 -65.0 27.0
-325.20325203252025 325.20325203252025 0.25458933892681035 0.2564381182398783 0.8011734693877551 -45.0 15.0
-325.2032520325203 325.2032520325203 0.2544285955381049 0.2562727415377329 0.7980357142857143 0.0 -3.0
-325.2032520325203 325.2032520325203 0.25432114536142164 0.25616277098698975 0.7959438775510204 0.0 -2.0
-325.2032520325203 325.2032520325203 0.2531519959079016 0.2550495341766215 0.7258673469387754 23.0 -44.0
-325.2032520325203 325.2032520325203 0.2518423415867278 0.2539794257141137 0.6442857142857141 28.0 -50.0
-325.2032520325203 325.2032520325203 0.25082093092473257 0.2532941372642165 0.5376020408163263 43.0 -59.0
-288.970588235294 288.970588235294 0.2502054377564889 0.252978132239778 0.4110459183673467 56.0 -65.0
-199.9999999999998 199.9999999999998 0.24955498132137421 0.2527423411423148 0.2844897959183671 56.0 -65.0
-108.82352941176453 108.82352941176453 0.24910481270214524 0.25264184349676294 0.15479591836734669 59.0 -65.0
0 0 0.2487985558270583 0.25261422146819934 0.025102040816326276 60.0 -64.0
325.2032520325203 5.772095427253518 0.24766308146999677 0.2528152071644086 -0.3754846938775511 184.0 -199.0
325.2032520325203 5.486981379182678 0.24766308146999677 0.2528152071644086 -0.37757653061224516 1.0 -1.0
325.2032520325203 5.486981379182678 0.24766308146999677 0.2528152071644086 -0.37757653061224516 0.0 0.0
325.2032520325203 7.005487620036269 0.24658787984500427 0.25323190697390996 -0.36188775510204074 -15.0 0.0
325.2032520325203 9.66997887328637 0.24470913996017876 0.2539140638529824 -0.33469387755102 -26.0 0.0
325.2032520325203 14.278674837203239 0.2414896135416905 0.25495134678962794 -0.2886734693877546 -44.0 0.0
325.2032520325203 20.563662890517026 0.2371788274684527 0.2560904582825377 -0.22801020408163186 -58.0 0.0
325.2032520325203 28.043715431146857 0.23219976279321256 0.25706608834679145 -0.15897959183673382 -66.0 0.0
325.2032520325203 35.80253783537387 0.22724186712895408 0.25768900916676135 -0.09099489795918281 -65.0 0.0
325.2032520325203 44.40157075642038 0.22202239684430233 0.25797864030741696 -0.01987244897959073 -68.0 0.0
325.2032520325203 53.85288699407967 0.21664190033619268 0.25788859093917965 0.053341836734695 -70.0 0.0
325.2032520325203 63.41464045540132 0.2115877195711096 0.2574433990071275 0.12237244897959297 -66.0 0.0
325.2032520325203 73.87726780823104 0.2065007743547706 0.25663597950241473 0.19244897959183788 -67.0 0.0
325.2032520325203 85.41034768104082 0.2014085720082456 0.25545435709570213 0.26357142857142973 -68.0 0.0
325.2032520325203 94.95588393318651 0.19522992639385228 0.25357721974810654 0.32632653061224604 -72.0 -12.0
325.2032520325203 102.62428064323841 0.188809916783192 0.2512119015634526 0.37966836734693993 -70.0 -19.0
325.2032520325203 110.66298106201826 0.18280491263817475 0.24863547344317627 0.43091836734693995 -67.0 -18.0
325.2032520325203 118.69574277591953 0.17679869343388308 0.24569330640413464 0.4800765306122461 -67.0 -20.0
325.2032520325203 126.58315001875549 0.17067160137956028 0.24231728624742951 0.5271428571428584 -68.0 -23.0
325.2032520325203 134.03705222458373 0.16418188593738414 0.238341710016214 0.5721173469387767 -71.0 -28.0
325.2032520325203 141.7077331645496 0.15800046828526038 0.2341709714034935 0.6150000000000012 -69.0 -28.0
325.2032520325203 149.01123111177694 0.1519346894347755 0.22970289396464907 0.6547448979591849 -68.0 -30.0
325.2032520325203 156.4694176228751 0.14616648981372005 0.22509938735211382 0.6923979591836746 -66.0 -30.0
325.2032520325203 164.7878578957365 0.14057567381207556 0.22028200461500896 0.7300510204081645 -66.0 -30.0
325.2032520325203 173.32908250534177 0.13488586642419242 0.21499886056724576 0.7666581632653073 -68.0 -33.0
325.2032520325203 182.3111047780144 0.12922712658566762 0.20935096817805382 0.8022193877551033 -69.0 -35.0
325.2032520325203 194.55636727803252 0.12368035168221816 0.2033814275983305 0.8419642857142869 -72.0 -34.0
325.2032520325203 206.11720698950617 0.11850960291292516 0.19738475679858836 0.876479591836736 -68.0 -35.0
325.2032520325203 216.25711795789675 0.11338779242118258 0.1910468404336325 0.9057653061224502 -67.0 -39.0
325.2032520325203 225.38450714722075 0.10844020689972474 0.18457200266961393 0.9308673469387767 -65.0 -41.0
325.2032520325203 234.1393498315352 0.1032882570102221 0.17748252268878645 0.9538775510204094 -68.0 -46.0
325.2032520325203 243.02683340306368 0.09838088429742034 0.17040793485219494 0.9747959183673481 -66.0 -46.0
325.2032520325203 253.6562609882057 0.09370753327804898 0.16336038532684638 0.9957142857142869 -65.0 -45.0
325.20325203252025 259.2094282942856 0.08923558359160386 0.15636516036606754 1.0082653061224502 -60.0 -48.0
325.2032520325203 266.5442082221883 0.08465268582867795 0.14898553670627337 1.0218622448979604 -63.0 -50.0
325.2032520325203 278.2771581674889 0.07982617472222975 0.14094403547193707 1.0385969387755114 -69.0 -53.0
325.2032520325203 291.693041080066 0.07493821965269777 0.13249261517687058 1.0542857142857154 -71.0 -56.0
325.2032520325203 303.6333103052875 0.07024078526457087 0.1241096444588096 1.0657908163265317 -68.0 -57.0
325.2032520325203 313.22048673131735 0.06540078977293781 0.11527834039136879 1.0731122448979602 -69.0 -62.0
325.2032520325203 320.9583040672094 0.06072135095753947 0.10662221814333281 1.077295918367348 -66.0 -62.0
312.10515516162957 325.2032520325203 0.05609632551168173 0.09793690066927532 1.0856632653061236 -68.0 -60.0
295.44973291973133 325.20325203252037 0.051352098976986116 0.08887985044703878 1.0908928571428582 -69.0 -64.0
281.2228998744212 325.2032520325203 0.04656540050439488 0.07967153918774059 1.0919387755102052 -68.0 -67.0
273.13152095170324 325.2032520325203 0.042013209178955555 0.07094782701134486 1.0877551020408174 -62.0 -66.0
255.64439418521627 325.2032520325203 0.03729055675585222 0.06196627311791661 1.0856632653061236 -65.0 -67.0
243.70770066048826 325.2032520325203 0.032376467219628356 0.05273812330173053 1.077295918367348 -64.0 -72.0
232.86632498472318 325.2032520325203 0.02771114525255877 0.04416179654086122 1.0678826530612255 -59.0 -68.0
211.24946130428108 325.2032520325203 0.023073050644387375 0.035833733461390016 1.0574234693877562 -57.0 -67.0
177.36032655139724 325.2032520325203 0.018415798296431946 0.02769303618597413 1.0448724489795929 -55.0 -67.0
137.6900369548992 325.2032520325203 0.013744941591847606 0.019827205736437058 1.025000000000001 -50.0 -69.0
69.64440542271429 325.2032520325203 0.00926494503242191 0.012655191034135205 0.9998979591836745 -43.0 -67.0
-325.2032520325203 325.2032520325203 0.004669329402247324 0.005740581628702744 0.9685204081632663 -39.0 -69.0
-325.2032520325203 325.2032520325203 0.0004641428034403523 -0.00013607513613508784 0.9308673469387765 -29.0 -65.0
-325.2032520325203 325.2032520325203 -0.0032201883151635664 -0.004769076819613284 0.8670663265306132 -8.0 -69.0
-325.2032520325203 325.2032520325203 -0.006958021492646215 -0.008851334545101714 0.7917602040816336 0.0 -72.0
150.6851578032663 -325.2032520325203 -0.010587611454293253 -0.012285695690341984 0.7237755102040826 0.0 -65.0
173.47566676063042 -325.2032520325203 -0.012989020443779139 -0.01420633617341433 0.6254591836734703 27.0 -67.0
184.65224452835517 -325.2032520325203 -0.014262188829187396 -0.015068280784394022 0.5647959183673479 19.0 -39.0
183.95639044370705 -325.2032520325203 -0.014392147125253236 -0.015150438582463734 0.562704081632654 0.0 -2.0
184.30334681077966 -325.2032520325203 -0.014327146503519243 -0.015109393670486799 0.5637500000000009 0.0 1.0
186.06745185650215 -325.2032520325203 -0.014002788938111355 -0.014903150342382184 0.5689795918367355 0.0 5.0
196.42554891844927 -325.2032520325203 -0.011893914578112607 -0.013493049743359239 0.6097704081632661 -3.0 36.0
-325.2032520325203 325.2032520325203 -0.009044520254647323 -0.011398767992518676 0.6578826530612253 0.0 46.0
-325.2032520325203 325.2032520325203 -0.005658586221820269 -0.008617351223861284 0.7175000000000008 0.0 57.0
-325.2032520325203 325.2032520325203 -0.0034403154389182067 -0.006600415863134999 0.7582908163265314 0.0 39.0
-325.2032520325203 325.2032520325203 -0.003273127843397889 -0.006441556810735916 0.7614285714285722 0.0 3.0
-325.2032520325203 325.2032520325203 -0.0032174540598969357 -0.006388545534051714 0.7603826530612253 1.0 0.0
-325.2032520325203 325.2032520325203 -0.003666596968900017 -0.006808659384444973 0.7436479591836743 4.0 -12.0
-325.2032520325203 325.2032520325203 -0.0031412788425836807 -0.006358401811728541 0.6735714285714294 38.0 -29.0
-325.2032520325203 325.2032520325203 -0.002079805592642531 -0.00559603916489675 0.5721173469387764 57.0 -40.0
-315.4411764705888 315.4411764705888 -0.0011407288438151034 -0.005070255062520395 0.4486989795918376 66.0 -52.0
-223.52941176470645 223.52941176470645 -0.00035647535957586114 -0.004753982848939106 0.3179591836734702 68.0 -57.0
-125.73529411764763 125.73529411764763 0.00016513224218109442 -0.004621680069624544 0.17885204081632733 70.0 -63.0
0 0 0.000776356454738555 -0.004553636245632118 0.042882653061225295 69.0 -61.0
-46.785360699634126 325.2032520325203 0.0028924894648299183 -0.004947637938016375 -0.4110459183673463 231.0 -203.0
-46.5047865653586 325.2032520325203 0.0028924894648299183 -0.004947637938016375 -0.4131377551020403 1.0 -1.0
-46.5047865653586 325.2032520325203 0.0028924894648299183 -0.004947637938016375 -0.4131377551020403 0.0 0.0
-46.42194979216515 325.2032520325203 0.0028220984493335616 -0.004916736958057938 -0.41418367346938734 0.0 -1.0
-44.42024825084165 325.2032520325203 0.0011425541522406824 -0.0041530904730252465 -0.43928571428571406 0.0 -24.0
-39.987492621393734 325.2032520325203 -0.002427841374033598 -0.002355235630174855 -0.4936734693877547 0.0 -52.0
-34.23859297470178 325.2032520325203 -0.006745065055017433 0.00016078095442418087 -0.5616581632653057 0.0 -65.0
-27.554141724023648 325.2032520325203 -0.011315449227169925 0.003282929816816553 -0.636964285714285 0.0 -72.0
-20.472875077449117 325.2032520325203 -0.01563798540824453 0.006740082686346767 -0.7122704081632643 0.0 -72.0
-13.132200456635932 325.2032520325203 -0.01957950087248998 0.010403729422539271 -0.7854846938775495 0.0 -70.0
-5.602104691019569 325.2032520325203 -0.02309139660784858 0.014171424505026052 -0.8555612244897945 0.0 -67.0
2.6902150527619533 325.2032520325203 -0.02623416148597295 0.018056239646889682 -0.9256377551020396 1.0 -66.0
12.345741857814366 325.2032520325203 -0.029004954652848795 0.0220284638339188 -0.9978061224489787 3.0 -66.0
28.363258008745998 325.2032520325203 -0.03199885863423567 0.027223803381314696 -1.0982142857142847 9.0 -87.0
41.48747050480847 325.2032520325203 -0.034166610753782564 0.031896039317012397 -1.174566326530611 3.0 -70.0
57.861981573854955 325.2032520325203 -0.03598579189346835 0.0367967878548392 -1.2561479591836724 5.0 -73.0
75.96818848552279 325.2032520325203 -0.0374465539056001 0.041975979481571384 -1.3356377551020397 3.0 -73.0
96.05833484706643 325.2032520325203 -0.03855698799285214 0.04755529957459067 -1.413035714285713 0.0 -74.0
118.6691193630484 325.2032520325203 -0.0392073513493938 0.05289710442566562 -1.4862499999999983 0.0 -70.0
145.9436827968478 325.2032520325203 -0.03946522528364585 0.058272172108637936 -1.5594642857142844 0.0 -70.0
179.01312292982226 325.2032520325203 -0.03933394404355289 0.06357492227969301 -1.6316326530612235 0.0 -69.0
221.32739275998117 325.2032520325203 -0.038810405813356354 0.06893064438637692 -1.7048469387755087 0.0 -70.0
277.3720107983232 325.2032520325203 -0.03788063646352406 0.07430899519975247 -1.779107142857141 0.0 -71.0
325.2032520325203 301.12022074405405 -0.03659714030802438 0.07945574483029041 -1.85127551020408 0.0 -69.0
325.2032520325203 237.81212250552963 -0.034940675101621486 0.08457570328544184 -1.91612244897959 -4.0 -66.0
325.20325203252025 197.17837976009616 -0.03235992991584805 0.0913254027860572 -1.9558673469387742 -28.0 -66.0
325.2032520325203 167.60361491264308 -0.02941656039018163 0.098343820608188 -1.9799234693877539 -38.0 -61.0
325.2032520325203 149.37788610503614 -0.026097827114799143 0.10595417642752188 -1.984107142857142 -52.0 -56.0
325.2032520325203 139.8230187292501 -0.0227155628033671 0.11378836498749656 -1.9726020408163256 -61.0 -50.0
325.2032520325203 138.59415355967877 -0.01944807668058974 0.12175426948337506 -1.947499999999999 -68.0 -44.0
325.2032520325203 140.06052604840906 -0.01647598609185765 0.12958884687612543 -1.9192602040816311 -68.0 -41.0
325.2032520325203 148.69321872047394 -0.013280619072672048 0.1389768200001989 -1.8784693877551 -84.0 -45.0
325.2032520325203 170.0470243758716 -0.010596453429742306 0.1482037015260418 -1.8293112244897936 -86.0 -39.0
325.2032520325203 193.42102559430487 -0.00891744253795647 0.15507401292184217 -1.7916581632653035 -64.0 -28.0
325.20325203252025 240.6289545477507 -0.007182882895169504 0.16382119012912538 -1.74145408163265 -82.0 -34.0
325.2032520325203 291.6557045592478 -0.006074520735896722 0.17103971962546446 -1.704846938775507 -65.0 -30.0
298.63297112783215 325.2032520325203 -0.005153627438334443 0.17874928995558856 -1.674515306122446 -65.0 -36.0
252.81053208745666 325.2032520325203 -0.0043545400277911405 0.1872449171587994 -1.6546428571428544 -65.0 -46.0
225.16897509787037 325.2032520325203 -0.0036571328564961978 0.19598087373492354 -1.6462755102040791 -61.0 -53.0
222.016783348833 325.2032520325203 -0.002905647042132275 0.20571503414229483 -1.6494132653061202 -62.0 -65.0
229.45887002910385 325.2032520325203 -0.0020875435956413985 0.21582950214614158 -1.6535969387755083 -64.0 -68.0
325.2032520325203 317.0347530679436 -0.001251312002104956 0.22524807745574105 -1.6651020408163246 -56.0 -67.0
325.2032520325203 21.52418965759475 -0.00030277614010468517 0.23450146376747172 -1.6807908163265282 -53.0 -68.0
325.2032520325203 -325.2032520325203 0.0008004722658857757 0.24373768168771942 -1.6985714285714266 -52.0 -69.0
325.20325203252037 -325.20325203252037 0.0019029147631147054 0.252354317795037 -1.6975255102040796 -57.0 -56.0
325.2032520325203 -325.2032520325203 0.0025988359209817326 0.25900613782850584 -1.6525510204081613 -65.0 -22.0
325.2032520325203 -325.2032520325203 0.0028374076662359064 0.26399731437196644 -1.5845663265306102 -65.0 0.0
-325.2032520325203 186.08223222747975 0.002745692934022547 0.26853201199678334 -1.5165816326530592 -62.0 3.0
-325.2032520325203 189.09210657178772 0.002410735396744552 0.2718978862811589 -1.4266326530612226 -65.0 21.0
-325.2032520325203 194.625527897256 0.0021028586434703746 0.2736390002695061 -1.3649234693877528 -41.0 18.0
-325.2032520325203 193.67897715603257 0.0020871830838118176 0.27371426010244765 -1.3659693877550998 0.0 -1.0
-325.2032520325203 193.67897715603257 0.0020871830838118176 0.27371426010244765 -1.3659693877550998 0.0 0.0
-325.2032520325203 193.97601410868089 0.0021027799192690285 0.2736389839153184 -1.3670153061224468 1.0 0.0
-325.2032520325203 202.87500332661818 0.00253164453228198 0.2713729600394059 -1.4004846938775488 31.0 -1.0
-325.2032520325203 211.92398361542922 0.002922369708205592 0.2687108562233378 -1.4496428571428552 41.0 -6.0
-325.2032520325203 206.2523725212952 0.0030978488745963552 0.2664883981353668 -1.5343622448979577 55.0 -26.0
325.2032520325203 -325.2032520325203 0.0030678350268144045 0.26379794054239747 -1.6295408163265286 63.0 -28.0
325.2032520325203 -325.2032520325203 0.002824269097870951 0.2615819106398729 -1.7309948979591816 63.0 -34.0
325.2032520325203 -325.2032520325203 0.002398637303999281 0.25939354356219363 -1.7947959183673454 45.0 -16.0
325.2032520325203 -325.2032520325203 0.0023643278800733023 0.2592436705294964 -1.7968877551020395 2.0 0.0
325.2032520325203 -325.2032520325203 0.00221311145865684 0.25856852268678415 -1.7853826530612231 -1.0 10.0
325.2032520325203 -325.2032520325203 0.0019612560885906146 0.2573645837877661 -1.7686479591836726 0.0 16.0
325.2032520325203 -325.2032520325203 0.0017624494817178008 0.2562287258746939 -1.7194897959183661 -16.0 31.0
325.2032520325203 -325.2032520325203 0.0016000687487872376 0.254699824717793 -1.6337244897959167 -31.0 51.0
325.2032520325203 -325.2032520325203 0.0015941199831173657 0.25377734389837886 -1.5207653061224473 -48.0 60.0
325.2032520325203 -325.2032520325203 0.0016379794481145872 0.2533954794093842 -1.3921173469387735 -59.0 64.0
325.2032520325203 -325.2032520325203 0.0016379794481145872 0.2533954794093842 -1.2540561224489775 -66.0 66.0
325.2032520325203 -325.2032520325203 0.0015513131471050605 0.2536092008235998 -1.1170408163265284 -67.0 64.0
325.2032520325203 -325.2032520325203 0.0016282192046401898 0.2534760673536743 -0.9768877551020383 -66.0 68.0
325.20325203252037 -325.20325203252037 0.0018658849280600853 0.25317397606856945 -0.831505102040814 -67.0 72.0
325.2032520325203 -325.2032520325203 0.0019216694806079922 0.2531210813682486 -0.6861224489795896 -69.0 70.0
325.2032520325203 -325.2032520325203 0.002110385139965738 0.25298851330822597 -0.5386479591836713 -69.0 72.0
277.2058823529398 -277.2058823529398 0.0019730622351090345 0.2530576615714125 -0.39431122448979394 -70.0 68.0
174.99999999999875 -174.99999999999875 0.0017542626225859443 0.2531305630129946 -0.2489285714285696 -71.0 68.0
72.05882352941053 -72.05882352941053 0.0019056451685169245 0.25310368574960235 -0.10249999999999826 -69.0 71.0
0 0 0.0019824545716448827 0.2531005106565129 0.019872448979593574 -58.0 59.0
325.2032520325203 -63.91872421197948 0.0033505396912429947 0.2533081333143184 0.28135204081632825 -116.0 134.0
325.2032520325203 -63.745232847554064 0.0034243808641414215 0.2533295166445077 0.2823979591836752 0.0 1.0
325.2032520325203 -63.745232847554064 0.0034243808641414215 0.2533295166445077 0.2823979591836752 0.0 0.0
325.2032520325203 -63.594892185595775 0.003276765795721354 0.2532865183413396 0.2844897959183691 -2.0 0.0
325.2032520325203 -61.782122179447526 0.0015125642430921047 0.2527465017844633 0.30959183673469565 -24.0 0.0
325.2032520325203 -57.64042384473767 -0.0024040387216602713 0.25137060288592716 0.3660714285714304 -54.0 0.0
325.2032520325203 -52.52321448067473 -0.00700634126755192 0.24942443458855298 0.4340561224489814 -65.0 0.0
325.2032520325203 -47.23657897180932 -0.01146580441665821 0.24717011691187385 0.5020408163265324 -65.0 0.0
325.2032520325203 -41.40473008620533 -0.016020518346953817 0.24445148211591539 0.5742091836734712 -69.0 0.0
325.2032520325203 -33.14813783827471 -0.019849259900605504 0.2417439045997645 0.6568367346938794 -70.0 9.0
325.2032520325203 -21.954442392466785 -0.02295662396335294 0.2391086019184448 0.7499234693877569 -71.0 18.0
325.2032520325203 -10.66018449361521 -0.02570685064140489 0.23631440192382086 0.8367346938775528 -67.0 16.0
325.2032520325203 2.2657277913664733 -0.02839352455453017 0.23304961643314048 0.9277295918367365 -71.0 16.0
325.2032520325203 14.990624564020964 -0.030828678839445622 0.2294995391651563 1.0114030612244918 -68.0 12.0
325.2032520325203 27.79828792568762 -0.03323145466658273 0.22529447934511204 1.0919387755102061 -70.0 7.0
325.20325203252037 39.23438730857699 -0.03547363136714122 0.22057225530410418 1.163061224489798 -68.0 0.0
325.2032520325203 51.88203205022939 -0.03734912045872606 0.2157752272076708 1.2331377551020428 -67.0 0.0
325.2032520325203 66.91290252250518 -0.038944792986017905 0.2106359976206465 1.3063520408163285 -70.0 0.0
325.2032520325203 84.2839903630083 -0.040160261793835764 0.20539381418817088 1.3795663265306142 -70.0 0.0
325.2032520325203 103.71274143254085 -0.04096147981914851 0.20030588852376313 1.449642857142859 -67.0 0.0
325.2032520325203 127.06786228075735 -0.041408367162141524 0.19509752525372592 1.5207653061224509 -68.0 0.0
325.2032520325203 156.64398455437237 -0.04147878003543067 0.18963985445539994 1.5950255102040836 -71.0 0.0
325.2032520325203 192.32806882200035 -0.04115904924877875 0.18434512439951495 1.6671938775510224 -69.0 0.0
325.2032520325203 237.68004880178418 -0.04045837030405955 0.17908723098512813 1.7393622448979613 -69.0 0.0
325.2032520325203 293.14066728679114 -0.03936032683283995 0.17374069668233563 1.8073469387755123 -68.0 -3.0
292.3700053213945 325.2032520325203 -0.03789502364777598 0.16840317744809943 1.8701020408163287 -66.0 -6.0
249.39618865063233 325.2032520325203 -0.03562752512507997 0.1615418991771013 1.9098469387755124 -66.0 -28.0
221.7481221603914 325.2032520325203 -0.03288973905798121 0.15403027136078878 1.9307653061224512 -62.0 -42.0
207.50900146509645 325.2032520325203 -0.029662878897310008 0.14547015661161058 1.9318112244897983 -60.0 -59.0
195.9026356464984 325.2032520325203 -0.026292136511563438 0.13647136871214566 1.9265816326530636 -60.0 -65.0
191.59997452985738 325.2032520325203 -0.023142219563637777 0.12780080654921927 1.9119387755102064 -53.0 -67.0
191.5637336960107 325.2032520325203 -0.020167396309609724 0.11914987494488215 1.8920663265306146 -50.0 -69.0
195.25683183585434 325.2032520325203 -0.01744903258524087 0.11065680100713525 1.869056122448982 -47.0 -69.0
199.8075455444785 325.2032520325203 -0.015074799556375671 0.10262082297610066 1.8470918367346962 -44.0 -65.0
211.94073367832553 325.2032520325203 -0.012974558485787392 0.09482696940671412 1.8209438775510227 -40.0 -65.0
231.92448423259182 325.2032520325203 -0.011001429728838257 0.08660413978601783 1.7916581632653084 -41.0 -69.0
255.22883777872553 325.2032520325203 -0.009197989244898286 0.07802795669075999 1.764464285714288 -44.0 -70.0
287.35428698835454 325.2032520325203 -0.007317155213913606 0.06766538681820834 1.7362244897959207 -55.0 -82.0
325.2032520325203 318.5478631451678 -0.005926387614167008 0.05870138424982434 1.713214285714288 -48.0 -70.0
325.20325203252037 271.78416236937557 -0.004388920423176915 0.04711797285090437 1.6922959183673492 -66.0 -86.0
325.2032520325203 238.8011540357748 -0.003279145596082343 0.03757289622869896 1.6807908163265328 -57.0 -68.0
325.2032520325203 223.13327954296386 -0.002232797734443173 0.0278660035272178 1.6755612244897982 -61.0 -66.0
182.44394515290233 325.2032520325203 -0.000918592384113233 0.0160230738458514 1.6870663265306145 -83.0 -72.0
-325.2032520325203 325.2032520325203 0.00024732599749596913 0.006717076538204801 1.7038010204081655 -69.0 -53.0
-325.2032520325203 325.2032520325203 0.0017612419599440697 -0.004248914454799198 1.712168367346941 -76.0 -68.0
-325.20325203252037 325.20325203252037 0.0025193956859426944 -0.010352004076274079 1.676607142857145 -23.0 -57.0
180.59160698947537 -325.2032520325203 0.0028672129410811393 -0.014951371359610771 1.6159438775510224 -1.0 -59.0
161.58303438712147 -325.2032520325203 0.002927857457458317 -0.019717235531524758 1.5510969387755122 0.0 -62.0
153.2836830515554 -325.2032520325203 0.0028076804519723613 -0.02271295097244658 1.5103061224489815 0.0 -39.0
154.62626492705178 -325.2032520325203 0.002812367929383109 -0.02263621901573672 1.5092602040816345 1.0 0.0
155.21006235516677 -325.2032520325203 0.002826189587878829 -0.02240600856336449 1.5123979591836754 0.0 3.0
157.2402714503911 -325.2032520325203 0.0028670438293019514 -0.021638344904293838 1.5228571428571447 0.0 10.0
166.0603281960536 -325.2032520325203 0.002948352562958725 -0.01879513227938234 1.5615561224489813 0.0 37.0
183.19467102160485 -325.2032520325203 0.002876586609905325 -0.014798276527921907 1.6159438775510222 0.0 52.0
-325.2032520325203 325.2032520325203 0.0025289952264480418 -0.010738755389810756 1.6964795918367366 -12.0 65.0
-325.2032520325203 325.2032520325203 0.00209347426418469 -0.008317614854561055 1.8010714285714304 -34.0 66.0
-325.2032520325203 325.2032520325203 0.0016124876012111522 -0.006536413902943978 1.8680102040816344 -20.0 44.0
-325.2032520325203 325.2032520325203 0.0015224339573440345 -0.006242395891206169 1.8680102040816344 2.0 2.0
-325.2032520325203 325.2032520325203 0.0015671531621493401 -0.006389498764127065 1.8638265306122466 1.0 -3.0
-325.2032520325203 325.2032520325203 0.0011799385217830594 -0.005061030140189709 1.8450000000000017 18.0 0.0
-325.2032520325203 325.2032520325203 0.0010320637438963826 -0.004464072813352216 1.7822448979591854 34.0 -26.0
-325.2032520325203 325.2032520325203 0.0009826956407360207 -0.00416056162675385 1.6818367346938792 50.0 -46.0
-325.2032520325203 325.2032520325203 0.0009672112208677021 -0.0038534517396753964 1.5605102040816343 60.0 -56.0
-325.2032520325203 325.2032520325203 0.0009724603551681087 -0.0037767561582244653 1.4444132653061241 56.0 -55.0
-325.2032520325203 325.2032520325203 0.0010024720872560012 -0.0036259637232779977 1.3042602040816342 68.0 -66.0
-325.2032520325203 325.2032520325203 0.0011311341480132848 -0.0032637618255100687 1.154693877551022 74.0 -69.0
-325.2032520325203 325.2032520325203 0.0013483579158654008 -0.002856864544639171 1.0061734693877566 74.0 -68.0
-325.20325203252037 325.20325203252037 0.001485976213963587 -0.002671799435411207 0.8566071428571445 73.0 -70.0
-325.2032520325203 325.2032520325203 0.0016492942720921322 -0.002508964849054006 0.7112244897959199 71.0 -68.0
-325.2032520325203 325.2032520325203 0.001772894661837567 -0.002417520843483513 0.5627040816326546 72.0 -70.0
-290.4411764705893 290.4411764705893 0.0021124167203685693 -0.002237329521839348 0.41313775510204237 74.0 -69.0
-190.4411764705893 190.4411764705893 0.002836641237680262 -0.001979501263061059 0.2708928571428587 73.0 -63.0
-97.05882352941285 97.05882352941285 0.0036646495924659334 -0.0018077927745401763 0.13806122448979746 69.0 -58.0
0 0 0.0044313985311695715 -0.0017523614882765002 0.006275510204083151 68.0 -58.0
325.2032520325203 -325.2032520325203 0.005641317886421289 -0.0019737099777388705 -0.3681632653061211 187.0 -171.0
325.2032520325203 -325.2032520325203 0.005569608761701843 -0.0019460049771618812 -0.3692091836734681 0.0 -1.0
325.2032520325203 -325.2032520325203 0.005641317886421289 -0.0019737099777388705 -0.3681632653061211 0.0 1.0
325.2032520325203 -325.2032520325203 0.0047772092313008415 -0.001650720067453841 -0.34724489795918245 -16.0 4.0
325.2032520325203 -325.2032520325203 0.005654369913595454 -0.0019363691308803656 -0.2823979591836725 -25.0 37.0
325.2032520325203 -325.2032520325203 0.006551443110226139 -0.002151464295602411 -0.18826530612244774 -39.0 51.0
325.2032520325203 -325.2032520325203 0.007084938839887212 -0.0022218973990297064 -0.07426020408163136 -51.0 58.0
325.2032520325203 -325.2032520325203 0.007161810801901665 -0.002222580832309972 0.05647959183673598 -62.0 63.0
325.2032520325203 -325.2032520325203 0.00731435139341402 -0.0022033342627179454 0.19454081632653192 -65.0 67.0
325.2032520325203 -325.2032520325203 0.007462749763444702 -0.002163122494885172 0.33469387755102176 -66.0 68.0
325.2032520325203 -325.2032520325203 0.00725042986364033 -0.002253167765566435 0.467525510204083 -65.0 62.0
325.2032520325203 -325.2032520325203 0.00725042986364033 -0.002253167765566435 0.5993112244897973 -63.0 63.0
325.2032520325203 -325.2032520325203 0.007129958699508832 -0.0023486966152025616 0.7415561224489811 -69.0 67.0
325.2032520325203 -325.2032520325203 0.007129958699508832 -0.0023486966152025616 0.8942602040816341 -73.0 73.0
325.2032520325203 -325.2032520325203 0.007129958699508832 -0.0023486966152025616 1.0469642857142871 -73.0 73.0
325.2032520325203 -325.2032520325203 0.007129958699508832 -0.0023486966152025616 1.1933928571428587 -70.0 70.0
325.2032520325203 -325.2032520325203 0.007106664781252052 -0.002421957511984176 1.3325000000000016 -67.0 66.0
325.2032520325203 -325.2032520325203 0.007106664781252052 -0.002421957511984176 1.4789285714285731 -70.0 70.0
325.2032520325203 -325.2032520325203 0.007106664781252052 -0.002421957511984176 1.6274489795918385 -71.0 71.0
325.2032520325203 -325.2032520325203 0.007116341149375034 -0.0024982210912664815 1.7665561224489814 -67.0 66.0
325.2032520325203 -325.2032520325203 0.007156578598569917 -0.0026466124999877717 1.9046173469387773 -67.0 65.0
325.2032520325203 -325.2032520325203 0.0071261077489173765 -0.0025760342246726855 2.0520918367346956 -70.0 71.0
325.2032520325203 -325.2032520325203 0.007085939069239989 -0.0025104884940872737 2.1891071428571447 -65.0 66.0
260.63486370157705 -260.63486370157705 0.006988262831589482 -0.0023917517470439017 2.3292602040816344 -66.0 68.0
161.3701578192242 -161.3701578192242 0.006818223264321406 -0.0022359491919034754 2.470459183673471 -66.0 69.0
66.51721664275367 -66.51721664275367 0.006501783917031411 -0.0020177513914753278 2.605382653061226 -62.0 67.0
0 0 0.006229143296645297 -0.0018755425938730846 2.7162500000000014 -51.0 55.0
325.2032520325203 -325.2032520325203 0.0038042758988739286 -0.0011300542513414885 2.9704081632653074 -105.0 138.0
325.2032520325203 -325.2032520325203 0.0038042758988739286 -0.0011300542513414885 2.9704081632653074 0.0 0.0
325.2032520325203 -325.2032520325203 0.0038042758988739286 -0.0011300542513414885 2.9704081632653074 0.0 0.0
325.2032520325203 -325.2032520325203 0.003728517690299088 -0.0011169982389896656 2.9714540816326545 0.0 1.0
325.2032520325203 -325.2032520325203 0.003271903598638765 -0.0010517668523938103 3.027933673469389 -24.0 30.0
310.93730346914884 -310.93730346914884 0.002657908690601464 -0.0010166206875352286 3.1408928571428585 -50.0 58.0
219.02553876326616 -219.02553876326616 0.0022743371813078324 -0.0010414609347805025 -3.0115526541183604 -60.0 65.0
123.4373034691485 -123.4373034691485 0.002425082460187975 -0.0010112132341183325 -2.8755832663632583 -66.0 64.0
35.20200935150139 -35.20200935150139 0.002570597914613818 -0.0009615713664737685 -2.7500730622816256 -61.0 59.0
-37.59210829555752 37.59210829555752 0.0022233749360761035 -0.001126435989120345 -2.6465271439142786 -47.0 52.0
-94.2097553543811 94.2097553543811 0.0017605343675928893 -0.001400948509401542 -2.565991429628564 -35.0 42.0
-124.35681417791038 124.35681417791038 0.001315503967636359 -0.001703481910432784 -2.52310877656734 -17.0 24.0
-127.29799064849855 127.29799064849855 0.001315503967636359 -0.001703481910432784 -2.5189251030979523 -2.0 2.0
-126.56269653085141 126.56269653085141 0.0013779749375575016 -0.0016586807548437626 -2.5199710214652993 0.0 -1.0
-126.56269653085141 126.56269653085141 0.0013779749375575016 -0.0016586807548437626 -2.5199710214652993 0.0 0.0
-126.56269653085141 126.56269653085141 0.0013779749375575016 -0.0016586807548437626 -2.5199710214652993 0.0 0.0
-125.82740241320431 125.82740241320431 0.001440492731651703 -0.0016139449632826977 -2.5210169398326463 0.0 -1.0
-125.82740241320431 125.82740241320431 0.001440492731651703 -0.0016139449632826977 -2.5210169398326463 0.0 0.0
-125.09210829555718 125.09210829555718 0.0013779281817754793 -0.0016586153418773047 -2.5220628581999933 1.0 0.0
-122.150931824969 122.150931824969 0.0016286527409155546 -0.0014805888117083016 -2.526246531669381 0.0 -4.0
-108.18034358967506 108.18034358967506 0.0028296792448401853 -0.0006493483365775617 -2.5461189806489726 0.0 -19.0
-87.59210829555738 87.59210829555738 0.0019299266526099708 -0.0012399068309496344 -2.575404694934687 21.0 -7.0
-55.974461236733866 55.974461236733866 0.0021272955604267176 -0.0011206029967605166 -2.6203791847306053 20.0 -23.0
0 0 0.0021949216535435408 -0.0010840451363915784 -2.6716291847306053 24.0 -25.0
-325.2032520325203 325.2032520325203 0.00398228638811957 -0.00037769478336628463 -2.8588485724857073 77.0 -102.0
-325.2032520325203 325.2032520325203 0.00398228638811957 -0.00037769478336628463 -2.8609404092204014 1.0 -1.0
-325.2032520325203 325.2032520325203 0.004056164777679122 -0.00035644039132400025 -2.8619863275877484 0.0 -1.0
-325.2032520325203 325.2032520325203 0.004277998928206271 -0.00029337296482744957 -2.867215919424483 1.0 -4.0
-325.2032520325203 325.2032520325203 0.005248886753815092 -5.646112318677534e-05 -2.937292450036728 27.0 -40.0
-325.2032520325203 325.2032520325203 0.005096743182872447 -7.862858404317547e-05 -3.056527143914279 58.0 -56.0
-273.92395982783404 273.92395982783404 0.0044049630238354506 -9.008402762904777e-05 3.089642857142858 70.0 -61.0
-171.718077474893 171.718077474893 0.0040235698720027 -4.229904714269766e-05 2.9442602040816337 72.0 -67.0
-72.45337159254008 72.45337159254008 0.003801173467803982 1.875609207162354e-05 2.803061224489797 69.0 -66.0
0 0 0.003942646559635332 -4.1447120364910453e-05 2.6754591836734707 60.0 -62.0
-325.2032520325203 325.2032520325203 0.00475334243907455 -0.0006258464544552884 2.3585459183673483 145.0 -158.0
-325.2032520325203 325.2032520325203 0.004698884302753091 -0.0005715871049070918 2.3575000000000013 1.0 0.0
-325.2032520325203 325.2032520325203 0.004698884302753091 -0.0005715871049070918 2.3575000000000013 0.0 0.0
-325.2032520325203 325.2032520325203 0.0049156929237537585 -0.0007896473531408975 2.3491326530612255 2.0 -6.0
-325.2032520325203 325.2032520325203 0.00543503263381502 -0.0013564478718893242 2.27591836734694 30.0 -40.0
-325.2032520325203 325.2032520325203 0.005758994279327849 -0.0017861307408306164 2.157729591836736 53.0 -60.0
-325.2032520325203 325.2032520325203 0.005835249269115197 -0.0019196381901828213 2.021760204081634 64.0 -66.0
-325.2032520325203 325.2032520325203 0.005863864435088692 -0.001990988998876972 1.882653061224491 66.0 -67.0
-325.2032520325203 325.2032520325203 0.0057914889716530445 -0.001692127756337102 1.7341326530612255 73.0 -69.0
-325.2032520325203 325.2032520325203 0.005804845946922836 -0.0018452964662998169 1.5814285714285725 72.0 -74.0
-325.2032520325203 325.2032520325203 0.005818908379155079 -0.0016151005961702381 1.438137755102042 70.0 -67.0
-325.2032520325203 325.2032520325203 0.005803311543697869 -0.0016903767832995066 1.2948469387755113 68.0 -69.0
-325.2032520325203 325.2032520325203 0.005776747419021341 -0.0017625163210383218 1.1410969387755112 73.0 -74.0
-325.2032520325203 325.2032520325203 0.005702361283594643 -0.0018970739865809474 0.990484693877552 71.0 -73.0
-325.2032520325203 325.2032520325203 0.005889573320964256 -0.0016531315690641935 0.8419642857142867 73.0 -69.0
-325.2032520325203 325.2032520325203 0.005889573320964256 -0.0016531315690641935 0.6934438775510214 71.0 -71.0
-325.2032520325203 325.2032520325203 0.006014966402466708 -0.001564161699943689 0.5407397959183684 74.0 -72.0
-270.5882352941184 270.5882352941184 0.006221329076776996 -0.0014611940483413239 0.38489795918367453 76.0 -73.0
-160.29411764705958 160.29411764705958 0.006807675792308108 -0.0012756609537574255 0.22801020408163372 79.0 -71.0
-59.55882352941251 59.55882352941251 0.007642984094027702 -0.0011439731346421834 0.0847193877551031 74.0 -63.0
0 0 0.008104133181259975 -0.0011343252413571192 -0.04288265306122341 64.0 -58.0
325.2032520325203 180.23856547354129 0.008556775424463623 -0.0012230188835620093 -0.3441071428571414 147.0 -141.0
325.2032520325203 179.7076571951722 0.00848442063706522 -0.0011970467761093608 -0.3451530612244884 0.0 -1.0
325.2032520325203 182.3800764899168 0.007977369160715238 -0.0010168321375355082 -0.33783163265306015 -7.0 0.0
325.2032520325203 183.53880772481313 0.007759660451790546 -0.0009407347743529123 -0.3346938775510191 -3.0 0.0
325.2032520325203 192.70073338023556 0.0060827822485353565 -0.00038006953816232495 -0.3106377551020394 -23.0 0.0
325.2032520325203 199.8955940700243 0.0024097237754025984 0.0007526508666365152 -0.2876275510204067 -36.0 -14.0
325.2032520325203 197.71243911248155 -0.004825614283488058 0.002852001298572162 -0.2771683673469374 -54.0 -44.0
325.2032520325203 199.5885902988892 -0.012610981940313138 0.004983483520803197 -0.2572959183673458 -62.0 -43.0
325.2032520325203 202.2583050954307 -0.02088655865353474 0.007064121002251947 -0.23533163265306012 -66.0 -45.0
325.2032520325203 203.83071036852456 -0.02935370621102367 0.009005566212741869 -0.2154591836734685 -66.0 -47.0
325.2032520325203 208.03066954485055 -0.037861450476989696 0.010760583241305193 -0.1914030612244888 -68.0 -45.0
325.2032520325203 209.89631905807957 -0.046026838949080696 0.012263226695303314 -0.1725765306122442 -63.0 -45.0
325.2032520325203 215.5353640449023 -0.05467861643296569 0.013659672337582546 -0.14747448979591748 -69.0 -45.0
325.2032520325203 219.1938383974258 -0.06320792418849415 0.014835686458025885 -0.12655612244897885 -66.0 -46.0
325.2032520325203 223.8042127672145 -0.07198957124342072 0.0158551595539556 -0.10459183673469319 -68.0 -47.0
325.2032520325203 225.99256061478854 -0.08117281832242308 0.016731856814128445 -0.08576530612244859 -69.0 -51.0
325.2032520325203 233.28946108644544 -0.09014275237587834 0.017394476401289053 -0.06170918367346889 -70.0 -47.0
325.2032520325203 235.10106068601016 -0.09904756867256573 0.01786992668496824 -0.04497448979591745 -66.0 -50.0
325.2032520325203 242.68356787971285 -0.1077294254021587 0.01816515709066229 -0.02301020408163179 -67.0 -46.0
325.2032520325203 250.69022212476736 -0.11633874725253338 0.018273218539205077 -0.0020918367346931532 -66.0 -46.0
325.2032520325203 254.62393282251634 -0.12525607165849087 0.018217257044274723 0.01464285714285787 -66.0 -50.0
325.2032520325203 257.2108745194026 -0.1344018837614918 0.018011558254228555 0.03033163265306195 -67.0 -52.0
325.2032520325203 262.5730307504646 -0.1436966048602179 0.01764681421723671 0.048112244897959906 -69.0 -52.0
325.2032520325203 261.52454235364326 -0.15313797820507816 0.017127859976877165 0.061709183673470114 -68.0 -55.0
325.2032520325203 252.20177997760237 -0.16295594090128998 0.016469674216021683 0.0721683673469395 -69.0 -59.0
325.2032520325203 235.45903479122092 -0.1739157094728574 0.015613946383525663 0.08367346938775583 -77.0 -66.0
325.2032520325203 197.73243184291076 -0.1857087979247179 0.014575165208737277 0.09204081632653136 -81.0 -73.0
325.2032520325203 -21.82476487124346 -0.19512020478060085 0.013661784054090215 0.1014540816326538 -66.0 -57.0
325.2032520325203 -59.46281825332657 -0.20398700604838876 0.012712235989190603 0.1119132653061232 -63.0 -53.0
325.2032520325203 -86.05176195567381 -0.21138571188582064 0.011782646457850933 0.13806122448979666 -61.0 -36.0
325.2032520325203 130.18666145007447 -0.21903821186991407 0.010469344080606801 0.20186224489795995 -81.0 -20.0
325.2032520325203 314.17620202248065 -0.22404749791296097 0.009271015565732607 0.2677551020408171 -65.0 -2.0
63.0784543327525 325.2032520325203 -0.22867330674882158 0.007836528765619452 0.33364795918367424 -63.0 0.0
-98.83004542136715 325.20325203252037 -0.2337768985433865 0.005901463053537665 0.3911734693877559 -63.0 -8.0
325.2032520325203 -325.2032520325203 -0.2427159422489719 0.002170921981235367 0.3995408163265314 -67.0 -59.0
325.2032520325203 -325.2032520325203 -0.24871358813623393 -0.00022230806642169545 0.3597959183673477 -23.0 -61.0
325.2032520325203 -325.2032520325203 -0.2530507858381235 -0.0017919807535522298 0.33469387755102115 -18.0 -42.0
325.2032520325203 -325.2032520325203 -0.25608567334438015 -0.0028939264812845697 0.3618877551020416 -34.0 -8.0
325.2032520325203 -325.2032520325203 -0.25935901756252705 -0.0042319405664212354 0.4141836734693885 -48.0 2.0
325.2032520325203 -325.2032520325203 -0.261985774913198 -0.005510160963377909 0.491581632653062 -56.0 18.0
-325.2032520325203 183.81467624989423 -0.26429757812767524 -0.006886761409461584 0.5825765306122457 -61.0 26.0
-325.2032520325203 220.58369746208126 -0.265699497444442 -0.007964206649323596 0.7279591836734702 -81.0 58.0
-325.2032520325203 235.02587875360229 -0.265699497444442 -0.007964206649323596 0.7907142857142866 -30.0 30.0
-325.2032520325203 235.43892856960318 -0.265699497444442 -0.007964206649323596 0.7928061224489805 -1.0 1.0
-325.2032520325203 235.83423344389595 -0.26564551415663185 -0.007909474846300054 0.7917602040816336 1.0 0.0
-325.2032520325203 239.46242025100565 -0.2650466812768272 -0.007312414696323649 0.7760714285714295 13.0 -2.0
-325.2032520325203 242.43252473134066 -0.2638648015805318 -0.006212702450274775 0.7227295918367357 36.0 -15.0
325.2032520325203 -325.2032520325203 -0.2615815558971974 -0.004390481082812909 0.6244132653061234 66.0 -28.0
325.2032520325203 -325.2032520325203 -0.2595745611593583 -0.0031054686751252926 0.5145918367346948 68.0 -37.0
325.2032520325203 -325.2032520325203 -0.25848479157569304 -0.0025351159294335303 0.4497448979591846 39.0 -23.0
325.2032520325203 -325.2032520325203 -0.2583463307780197 -0.0024682752980207095 0.4497448979591846 1.0 1.0
325.2032520325203 -325.2032520325203 -0.2580006169032112 -0.002300269174948132 0.4549744897959193 0.0 5.0
325.2032520325203 -325.2032520325203 -0.25595173431512314 -0.0012415580704774087 0.49890306122449074 -6.0 36.0
325.2032520325203 -325.2032520325203 -0.25535875677872627 -0.000885091161839729 0.5836224489795928 -36.0 45.0
325.2032520325203 -325.2032520325203 -0.25419971921695217 3.7605249009223197e-06 0.7248214285714296 -58.0 77.0
325.2032520325203 -325.2032520325203 -0.2537128402804326 0.0004953293571091845 0.855561224489797 -58.0 67.0
325.2032520325203 -325.2032520325203 -0.2537581303336825 0.00043321191429621304 1.026045918367348 -82.0 81.0
325.2032520325203 -325.2032520325203 -0.253792152870302 0.00036427547526014114 1.198622448979593 -83.0 82.0
325.2032520325203 -325.2032520325203 -0.2538604236432409 0.00014398704572439288 1.3419132653061236 -70.0 67.0
325.2032520325203 -325.2032520325203 -0.25384024656657805 0.00029640734646330764 1.5364540816326542 -92.0 94.0
325.2032520325203 -325.2032520325203 -0.2538597532218225 0.0008341786789329486 1.6776530612244909 -64.0 71.0
325.2032520325203 -325.2032520325203 -0.2539355043326095 0.001211015394022582 1.860688775510205 -85.0 90.0
325.2032520325203 -325.2032520325203 -0.2540168537484247 0.0014268166061867382 2.0018877551020418 -66.0 69.0
325.2032520325203 -325.2032520325203 -0.2542839905424871 0.0018939530411637776 2.1786479591836745 -81.0 88.0
325.2032520325203 -325.2032520325203 -0.2545729017171714 0.0022535109581153317 2.3167091836734706 -63.0 69.0
325.2032520325203 -325.2032520325203 -0.2549635217177204 0.0026236386803897855 2.449540816326532 -60.0 67.0
325.2032520325203 -325.2032520325203 -0.2554689100752403 0.0029740778449866188 2.62107142857143 -78.0 86.0
273.2860835853628 -273.2860835853628 -0.2554689100752403 0.0029740778449866188 2.7528571428571444 -63.0 63.0
151.96255417359794 -151.96255417359794 -0.25568906710303335 0.00304277117609191 2.9254336734693895 -81.0 84.0
57.84490711477452 -57.84490711477452 -0.25599314995038625 0.003088486293348333 3.0593112244897975 -62.0 66.0
-37.74332817934312 37.74332817934312 -0.25614688423766235 0.003090684341508056 -3.0879046949346867 -64.0 66.0
-92.8903870028725 92.8903870028725 -0.2563765145472884 0.00306928781080676 -3.0094608173836663 -36.0 39.0
-120.0962693558133 120.0962693558133 -0.256756487925631 0.0030112846007586624 -2.9707618377918297 -16.0 21.0
-122.30215170875465 122.30215170875465 -0.25698369412766614 0.002971721582904175 -2.967624082689789 0.0 3.0
-122.30215170875465 122.30215170875465 -0.25698369412766614 0.002971721582904175 -2.967624082689789 0.0 0.0
-122.30215170875465 122.30215170875465 -0.25698369412766614 0.002971721582904175 -2.967624082689789 0.0 0.0
-122.30215170875465 122.30215170875465 -0.25698369412766614 0.002971721582904175 -2.967624082689789 0.0 0.0
-122.30215170875465 122.30215170875465 -0.25698369412766614 0.002971721582904175 -2.967624082689789 0.0 0.0
-116.41979876757834 116.41979876757834 -0.2565290763788401 0.0030496591537692726 -2.9759914296285648 1.0 -7.0
-114.9492105322841 114.9492105322841 -0.25637740334148 0.0030748455040003485 -2.978083266363259 0.0 -2.0
-114.9492105322841 114.9492105322841 -0.25637740334148 0.0030748455040003485 -2.978083266363259 0.0 0.0
-112.00803406169565 112.00803406169565 -0.25607390070311803 0.003124266132358544 -2.9822669398326465 0.0 -4.0
-80.39038700287213 80.39038700287213 -0.2566069954271983 0.0030508595196946445 -3.027241429628565 25.0 -18.0
-51.71391641463708 51.71391641463708 -0.2565304594921969 0.003058071750865554 -3.0680322459550955 19.0 -20.0
0 0 -0.25637689784930845 0.003065679926297544 -3.116144490853055 22.0 -24.0
325.2032520325203 235.39552856822797 -0.25630018530932014 0.0030606847452653834 2.986096938775511 86.0 -87.0
325.2032520325203 235.39552856822797 -0.25630018530932014 0.0030606847452653834 2.986096938775511 0.0 0.0
325.2032520325203 235.9146660393213 -0.2562242315995847 0.0030488188444388973 2.987142857142858 -1.0 0.0
325.2032520325203 235.9146660393213 -0.2562242315995847 0.0030488188444388973 2.987142857142858 0.0 0.0
325.2032520325203 247.9998305020936 -0.254017428672878 0.0027323796981502347 3.0111989795918377 -26.0 -3.0
325.2032520325203 245.49040884992814 -0.2484528132633343 0.002005608510297136 3.0122448979591847 -37.0 -36.0
325.2032520325203 241.72992511953217 -0.24006606853272017 0.0009236302822277075 3.0143367346938787 -56.0 -54.0
325.2032520325203 240.38699706055382 -0.23098772697958064 -0.00020415766777222028 3.0216581632653075 -63.0 -56.0
325.2032520325203 239.5061741313891 -0.22182445744554102 -0.0012695761050733297 3.0300255102040827 -64.0 -56.0
325.2032520325203 238.73554996707057 -0.21295832283916388 -0.0022253288929853805 3.038392857142858 -62.0 -54.0
325.2032520325203 239.10130495613421 -0.20377755895763436 -0.0031276589609776787 3.0488520408163273 -65.0 -55.0
325.2032520325203 242.51465024929556 -0.1944330038876804 -0.003927810263605965 3.0634948979591843 -68.0 -54.0
325.2032520325203 246.7430738174542 -0.1832365296206123 -0.004709812852720415 3.0802295918367353 -81.0 -65.0
325.20325203252025 252.64914496564072 -0.17410150274530883 -0.005199174685221345 3.0959183673469393 -67.0 -52.0
325.2032520325203 257.53414655784735 -0.16465302212622976 -0.005566677245092822 3.1095153061224496 -68.0 -55.0
325.2032520325203 265.4723260532725 -0.15504646847524428 -0.00579951805200253 3.1252040816326536 -70.0 -55.0
325.2032520325203 274.33014900734725 -0.14566810400060806 -0.005884555357823489 3.1398469387755106 -68.0 -54.0
183.3288992425092 325.2032520325203 -0.13406019487514634 -0.005813761638842284 -3.1276495928938717 -83.0 -68.0
169.39909798469543 325.2032520325203 -0.12452926091950003 -0.005640978007938344 -3.119282245955096 -66.0 -58.0
164.96307616173985 325.2032520325203 -0.11307710752176792 -0.005415391670945594 -3.1245118377918306 -72.0 -77.0
325.2032520325203 241.45866748324173 -0.10477485157808314 -0.005351732456759685 3.1398469387755106 -45.0 -63.0
325.2032520325203 172.86556862334936 -0.0943990356649991 -0.00557064488997709 3.101147959183674 -49.0 -86.0
325.2032520325203 122.7495102434804 -0.08641526019936882 -0.005994147327278294 3.076045918367347 -40.0 -64.0
325.2032520325203 87.75798553205755 -0.07659639079486245 -0.0066386654552226315 3.076045918367347 -64.0 -64.0
325.2032520325203 68.19589836111962 -0.06707835098248824 -0.00716352198805747 3.096964285714286 -72.0 -52.0
325.20325203252025 64.0078261970201 -0.05962471218851594 -0.0073831887689239685 3.127295918367347 -63.0 -34.0
325.2032520325203 76.42766380611177 -0.0507844642897801 -0.007301534133283757 -3.1088230622816266 -80.0 -35.0
325.2032520325203 98.01395151786899 -0.04379911622653677 -0.006922480606763185 -3.0659404092204023 -66.0 -25.0
325.2032520325203 151.7147601918243 -0.03737302029193614 -0.006286400981787433 -3.019920001057137 -64.0 -20.0
325.2032520325203 293.2733209320496 -0.03083184728985213 -0.005326358108105615 -2.9718077561591776 -66.0 -20.0
100.38084804087875 325.2032520325203 -0.024192185691884863 -0.00403016411626691 -2.9257873479959122 -66.0 -22.0
-88.457806471958 325.20325203252025 -0.0170847510314689 -0.0023508763763179672 -2.8933638786081572 -63.0 -32.0
-181.8609752381661 181.8609752381661 -0.009494021005893805 -0.0003846568460180765 -2.882904694934688 -56.0 -46.0
-164.21391641463651 164.21391641463651 -0.0029329118384202523 0.0012636973308791414 -2.9080067357510146 -32.0 -56.0
-124.50803406169476 124.50803406169476 0.0020342410426008864 0.002298265510876668 -2.9644863275877493 -6.0 -60.0
-89.21391641463629 89.21391641463629 0.005681693776110181 0.002857003872559102 -3.0146904092204023 0.0 -48.0
-59.80215170875349 59.80215170875349 0.00873943984059042 0.003182294519758819 -3.05652714391428 0.0 -40.0
-37.743328179342505 37.743328179342505 0.01104014192439834 0.0033421662935711207 -3.087904694934688 0.0 -30.0
0 0 0.012883581046040546 0.00341804254017713 -3.1130067357510147 0.0 -24.0
0 0 0.016727302743002898 0.003403291987615558 3.105331632653061 6.0 -56.0
0 0 0.01665047974542859 0.003406119118439824 3.104285714285714 1.0 0.0
0 0 0.01665047974542859 0.003406119118439824 3.104285714285714 0.0 0.0
0 0 0.01665047974542859 0.003406119118439824 3.104285714285714 0.0 0.0
0 0 0.01665047974542859 0.003406119118439824 3.104285714285714 0.0 0.0
0 0 0.01665047974542859 0.003406119118439824 3.104285714285714 0.0 0.0
0 0 0.01665047974542859 0.003406119118439824 3.104285714285714 0.0 0.0
0 0 0.01665047974542859 0.003406119118439824 3.104285714285714 0.0 0.0
0 0 0.01665047974542859 0.003406119118439824 3.104285714285714 0.0 0.0
0 0 0.01665047974542859 0.003406119118439824 3.104285714285714 0.0 0.0
0 0 0.01665047974542859 0.003406119118439824 3.104285714285714 0.0 0.0
0 0 0.01665047974542859 0.003406119118439824 3.104285714285714 0.0 0.0
0 0 0.01665047974542859 0.003406119118439824 3.104285714285714 0.0 0.0
0 0 0.01665047974542859 0.003406119118439824 3.104285714285714 0.0 0.0
0 0 0.01665047974542859 0.003406119118439824 3.104285714285714 0.0 0.0
0 0 0.01665047974542859 0.003406119118439824 3.104285714285714 0.0 0.0
0 0 0.01665047974542859 0.003406119118439824 3.104285714285714 0.0 0.0
0 0 0.01665047974542859 0.003406119118439824 3.104285714285714 0.0 0.0
0 0 0.01665047974542859 0.003406119118439824 3.104285714285714 0.0 0.0
0 0 0.01665047974542859 0.003406119118439824 3.104285714285714 0.0 0.0
0 0 0.01665047974542859 0.003406119118439824 3.104285714285714 0.0 0.0
0 0 0.01665047974542859 0.003406119118439824 3.104285714285714 0.0 0.0
0 0 0.01665047974542859 0.003406119118439824 3.104285714285714 0.0 0.0
0 0 0.01665047974542859 0.003406119118439824 3.104285714285714 0.0 0.0
0 0 0.01665047974542859 0.003406119118439824 3.104285714285714 0.0 0.0
0 0 0.01665047974542859 0.003406119118439824 3.104285714285714 0.0 0.0
0 0 0.01665047974542859 0.003406119118439824 3.104285714285714 0.0 0.0
0 0 0.01665047974542859 0.003406119118439824 3.104285714285714 0.0 0.0
0 0 0.01665047974542859 0.003406119118439824 3.104285714285714 0.0 0.0
