alpha | dTheta
0.9993 0.0
0.9993 -0.005342844648962231
0.9939 -0.06767603222018842
0.9263 -0.10062357422212223
0.8256 -0.06767603222018842
0.758 -0.0071237928652829125
0.7508 0.07747124740995229
0.8283 0.13268064211589534
0.961 0.13713301265669747
1.0981 0.04808560184065994
1.1462 -0.11309021173636723
1.0331 -0.24755180206858338
0.7856 -0.2021376225524044
0.5834 -0.11576163406084818
0.4677 0.13357111622405585
0.6012 0.4461275281883464
1.0474 0.5182559309493366
1.5656 0.22707089758089477
1.7927 -0.14603775373830102
1.6467 -0.20658999309320636
1.4401 -0.20391857076872522
1.2362 -0.19412335557896115
1.042 -0.23597563866249868
0.8061 -0.2235090011482533
0.5825 -0.11398068584452774
0.4686 0.10507594476292399
0.5736 0.4398942094312239
1.0135 0.5218178273819783
1.5354 0.25734701725834763
1.7927 -0.10240452243844286
1.6903 -0.20035667433608376
1.4899 -0.24131848331146077
1.2486 -0.20035667433608376
1.0483 -0.2484422761767437
0.7998 -0.16829960644231037
0.6315 -0.015138059838726329
0.6164 0.0
0.6164 0.0
0.6164 0.0
0.6164 0.0
0.6164 0.0
0.6164 0.0
0.6164 0.0
0.6164 0.0
0.6164 0.0
0.6164 0.0
