0.9977 0.0 0 0
0.9977 0.0026714223244811274 -100.0 -97.0
1.0003 -0.0008904741081603641 -336.0 -337.0
0.9995 0.0 -285.0 -285.0
0.9995 -0.0017809482163207754 -274.0 -276.0
0.9977 -0.0008904741081603641 -330.0 -331.0
0.9968 -0.0035618964326414562 -332.0 -336.0
0.9932 -0.006233318757122595 -330.0 -337.0
0.987 -0.007123792865283007 -270.0 -278.0
0.9799 0.0008904741081603641 -269.0 -268.0
0.9807 -0.0035618964326414562 -324.0 -328.0
0.9777 -0.0017809482163207754 -330.0 -332.0
0.9763 0.0008904741081604112 -276.0 -275.0
0.977 -0.0026714223244810923 -272.0 -275.0
0.9752 -0.0026714223244811396 -270.0 -273.0
0.9735 -0.0026714223244811396 -270.0 -273.0
0.9719 0.0 -270.0 -270.0
0.9719 0.007123792865283007 -272.0 -264.0
0.9757 0.0008904741081603641 -313.0 -312.0
0.9761 -0.0195904303795282 -244.0 -266.0
0.9668 -0.0231523268121697 -293.0 -319.0
0.9563 -0.021371378595848926 -294.0 -318.0
0.947 -0.014247585730565967 -244.0 -260.0
0.9411 0.0 -244.0 -244.0
0.9411 0.0 -244.0 -244.0
0.9411 0.0008904741081603641 -245.0 -244.0
0.9414 -0.0008904741081603641 -244.0 -245.0
0.9411 0.0 -244.0 -244.0
0.9411 0.0 -244.0 -244.0
0.9411 0.0 -244.0 -244.0
0.9411 0.0008904741081603641 -245.0 -244.0
0.9413 -0.0008904741081603641 -244.0 -245.0
0.9411 0.0008904741081603641 -245.0 -244.0
0.9413 -0.0008904741081603641 -244.0 -245.0
0.9411 0.0 -244.0 -244.0
0.9411 0.0 -244.0 -244.0
0.9411 0.0008904741081603641 -245.0 -244.0
0.9413 0.0 -244.0 -244.0
0.9413 -0.0008904741081603641 -244.0 -245.0
0.9411 0.0 -244.0 -244.0
0.9411 0.0 -244.0 -244.0
0.9411 0.0 -245.0 -245.0
0.9411 0.0 -244.0 -244.0
0.9411 0.0 -244.0 -244.0
0.9411 0.0008904741081603641 -245.0 -244.0
0.9413 -0.0008904741081603641 -244.0 -245.0
0.9411 0.0 -244.0 -244.0
0.9411 0.0008904741081603641 -245.0 -244.0
0.9413 -0.0008904741081603641 -244.0 -245.0
0.9411 0.0 -244.0 -244.0
0.9411 0.0 -244.0 -244.0
0.9411 0.0008904741081603641 -245.0 -244.0
0.9413 0.0 -244.0 -244.0
0.9413 -0.0008904741081603641 -244.0 -245.0
0.9411 0.0008904741081603641 -245.0 -244.0
0.9413 -0.0008904741081603641 -244.0 -245.0
0.9411 0.0 -244.0 -244.0
0.9411 0.0 -244.0 -244.0
0.9411 0.0 -244.0 -244.0
0.9411 0.0008904741081603641 -245.0 -244.0
0.9413 -0.0008904741081603641 -244.0 -245.0
0.9411 0.0 -244.0 -244.0
0.9411 0.0 -245.0 -245.0
0.9411 0.0 -244.0 -244.0
0.9411 0.0 -244.0 -244.0
0.9411 0.0008904741081603641 -245.0 -244.0
0.9413 0.0 -244.0 -244.0
0.9413 -0.0008904741081603641 -244.0 -245.0
0.9411 0.0 -244.0 -244.0
0.9411 0.0 -244.0 -244.0
0.9411 0.0 -245.0 -245.0
0.9411 0.0 -244.0 -244.0
0.9411 0.0 -244.0 -244.0
0.9411 0.0008904741081603641 -245.0 -244.0
0.9412 -0.0008904741081603641 -244.0 -245.0
0.9411 0.0008904741081603641 -245.0 -244.0
0.9412 0.0 -244.0 -244.0
0.9412 -0.0008904741081603641 -244.0 -245.0
0.9411 0.0 -244.0 -244.0
0.9411 0.0 -244.0 -244.0
0.9411 0.0008904741081603641 -245.0 -244.0
0.9412 -0.0008904741081603641 -244.0 -245.0
0.9411 0.0 -244.0 -244.0
0.9411 0.0 -244.0 -244.0
0.9411 0.0 -245.0 -245.0
0.9411 0.0 -244.0 -244.0
0.9411 0.0 -244.0 -244.0
0.9411 0.0008904741081603641 -245.0 -244.0
0.9412 0.0 -244.0 -244.0
0.9412 -0.0008904741081603641 -244.0 -245.0
0.9411 0.0 -244.0 -244.0
0.9411 0.0 -245.0 -245.0
0.9411 0.0 -244.0 -244.0
0.9411 0.0 -244.0 -244.0
0.9411 0.0008904741081603641 -245.0 -244.0
0.9412 0.0 -244.0 -244.0
0.9412 -0.0008904741081603641 -244.0 -245.0
0.9411 0.0 -244.0 -244.0
0.9411 -0.0008904741081603641 -244.0 -245.0
0.941 0.0008904741081603641 -245.0 -244.0
0.9411 0.0 -244.0 -244.0
0.9411 0.0 -244.0 -244.0
0.9411 0.0008904741081603641 -245.0 -244.0
0.9412 0.0 -244.0 -244.0
0.9412 -0.0008904741081603641 -244.0 -245.0
0.9411 0.0008904741081603641 -245.0 -244.0
0.9412 -0.0008904741081603641 -244.0 -245.0
0.9411 0.0 -244.0 -244.0
0.9411 0.0 -244.0 -244.0
0.9411 0.0 -244.0 -244.0
0.9411 0.0 -245.0 -245.0
0.9411 0.0 -244.0 -244.0
0.9411 0.0 -244.0 -244.0
0.9411 0.0 -245.0 -245.0
0.9411 0.0 -244.0 -244.0
0.9411 -0.0008904741081603877 -176.0 -177.0
0.9411 -0.0008904741081603722 0.0 -1.0
0.941 0.0 0.0 0.0
0.941 0.0 0.0 0.0
0.941 0.0 0.0 0.0
0.941 0.0 0.0 0.0
0.941 0.0 0.0 0.0
0.941 0.0 0.0 0.0
0.941 0.0 0.0 0.0
0.941 0.0 0.0 0.0
0.941 0.0 0.0 0.0
0.941 0.0 0.0 0.0
