desired_tick_rate_L desired_tick_rate_R state_est_x state_est_y state_est_theta deltaleftEnc deltarightEnc
51.2 51.2 0.0 0.0 0.0 0 0
100.0 100.0 0.0 0.0 0.0 0.0 0.0
100 100 -0.00567885713529492 0.0 -0.015023431574854307 -29.0 -43.0
100 100 -0.03714563901139238 0.0004727746138927332 -0.01824273834089496 -198.0 -201.0
100 100 -0.08848342854757067 0.0014094203821638858 -0.02575445412832167 -322.0 -329.0
100 100 -0.1427300677440971 0.0028068219383439817 -0.01931584059624125 -347.0 -341.0
100 100 -0.211573365737033 0.004136753512518768 -0.022535147362281016 -435.0 -438.0
100 100 -0.2807274374940309 0.005695414565634471 -0.021462045106934724 -439.0 -438.0
100 100 -0.3489368838213258 0.007159553589936767 -0.01824273834089496 -434.0 -431.0
100 100 -0.41762384954484544 0.008412730954244253 -0.02790065863901514 -431.0 -440.0
100 100 -0.48637435130990925 0.010331413125059906 -0.021462045106934724 -439.0 -433.0
100 100 -0.5555300558521493 0.011815863904612638 -0.020388942851588432 -439.0 -438.0
100 100 -0.6235833208323445 0.013203590337272204 -0.023608249617629085 -430.0 -433.0
100 100 -0.6798829611595674 0.014532973285629042 -0.023608249617629085 -357.0 -357.0
100 100 -0.7370499628923917 0.01588283692366645 -0.018242738340895848 -365.0 -360.0
100 100 -0.8053426291571081 0.01712882038806408 -0.02897376089436321 -428.0 -438.0
100 100 -0.8732237933639605 0.019096143548544928 -0.03004686314971039 -430.0 -431.0
100 100 -0.9407874576896138 0.02112683087218701 -0.022535147362282792 -432.0 -425.0
100 100 -1.0094684115098478 0.022674828337710253 -0.015023431574856083 -439.0 -432.0
100 100 -1.078159055655414 0.023706875176558923 -0.024681351872976265 -431.0 -440.0
100 100 -1.1472307739476455 0.02541200481170816 -0.02897376089436321 -436.0 -440.0
100 100 -1.2156638175382934 0.02739532246942869 -0.016096533830202375 -440.0 -428.0
100 100 -1.282618333084829 0.028473151183515195 -0.023608249617629973 -421.0 -428.0
100 100 -1.3498782675373797 0.030061335574199266 -0.024681351872977153 -426.0 -427.0
100 100 -1.4191865328100643 0.03177230469440045 -0.023608249617629973 -440.0 -439.0
100 100 -1.475643875211033 0.03310541140451744 -0.019315840596243028 -360.0 -356.0
100 100 -1.5417271326200597 0.034382023843416154 -0.017169636085549556 -420.0 -418.0
100 100 -1.6098633738504062 0.0355520132813974 -0.010731022553469138 -435.0 -429.0
100 100 -1.6668852809186852 0.03616394014115015 -0.005365511276735013 -364.0 -359.0
100 100 -1.7335320198942623 0.036521537402275914 -0.015023431574855195 -418.0 -427.0
100 100 -1.8007242458552524 0.037531071164272484 -0.017169636085548667 -425.0 -427.0
100 100 -1.8575833082708542 0.038507416517032246 -0.016096533830202375 -361.0 -360.0
100 100 -1.9141279344744655 0.03941766762186148 -0.01287722706416261 -360.0 -357.0
100 100 -1.9819531041605916 0.040291116012379564 -0.019315840596243028 -427.0 -433.0
100 100 -2.050480968943938 0.04161495397109433 -0.022535147362282792 -433.0 -436.0
100 100 -2.1062300324926237 0.04287148004242032 -0.01931584059624214 -355.0 -352.0
100 100 -2.173180731228022 0.04416484992383435 -0.018242738340895848 -425.0 -424.0
100 100 -2.240053919441047 0.045384935348556275 -0.02038894285158932 -423.0 -425.0
100 100 -2.307949471176792 0.046769445729228275 -0.0214620451069365 -430.0 -431.0
100 100 -2.3753703689916326 0.048216658290821994 -0.013950329319508903 -431.0 -424.0
100 100 -2.4419327168691267 0.049145285205324823 -0.02038894285158932 -419.0 -425.0
100 100 -2.5091185590048464 0.05051532335205252 -0.022535147362282792 -425.0 -427.0
100 100 -2.576459012004249 0.05203310731939678 -0.016096533830202375 -430.0 -424.0
100 100 -2.631584107842916 0.05292050693205458 -0.017169636085548667 -349.0 -350.0
100 100 -2.686629358281321 0.05386570673264586 -0.015023431574855195 -350.0 -348.0
100 100 -2.742701744030457 0.05470816976642469 -0.016096533830201487 -355.0 -356.0
100 100 -2.799167507436016 0.05561715134391102 -0.013950329319508015 -359.0 -357.0
100 100 -2.8549253035845807 0.056395041425135496 -0.008584818042774778 -356.0 -351.0
100 100 -2.910528730676799 0.05687239845626249 -0.013950329319508015 -350.0 -355.0
100 100 -2.9776431359419027 0.05780872725275758 -0.01716963608554778 -424.0 -427.0
100 100 -3.045227347440059 0.058969237609643954 -0.0075117157874275975 -433.0 -424.0
100 100 -3.1117154238644535 0.05946868653697954 -0.012877227064161723 -419.0 -424.0
100 100 -3.178594195834029 0.060329947275536845 -0.017169636085548667 -422.0 -426.0
100 100 -3.245389793429056 0.061476916088002195 -0.01180412480881543 -426.0 -421.0
100 100 -3.3116385109454036 0.062258960540997006 -0.01180412480881543 -420.0 -420.0
100 100 -3.367003510584065 0.06291252626242838 -0.016096533830202375 -349.0 -353.0
100 100 -3.4345889285150206 0.06400051119525775 -0.017169636085548667 -428.0 -429.0
100 100 -3.502173140013177 0.06516102155214418 -0.013950329319508903 -430.0 -427.0
100 100 -3.55769434013848 0.06593561082680056 -0.013950329319508903 -352.0 -352.0
100 100 -3.6244144186981484 0.06686643827901549 -0.013950329319508903 -423.0 -423.0
100 100 -3.692080881350862 0.06781046895750296 -0.018242738340895848 -427.0 -431.0
100 100 -3.7579288909709985 0.06901185024245911 -0.015023431574856083 -419.0 -416.0
100 100 -3.812897179110447 0.06983772469329438 -0.013950329319508903 -349.0 -348.0
100 100 -3.880248180398812 0.07077735429635768 -0.02038894285158932 -424.0 -430.0
100 100 -3.9471185960456316 0.07214096033911012 -0.009657920298121958 -429.0 -419.0
100 100 -4.014788487482978 0.07279453107801698 -0.016096533830202375 -426.0 -432.0
100 100 -4.0706233485041174 0.07369335643676049 -0.018242738340895848 -353.0 -355.0
100 100 -4.1371810971500995 0.07490768674155449 -0.013950329319508903 -424.0 -420.0
100 100 -4.192544566593228 0.07568007547849878 -0.01180412480881543 -352.0 -350.0
100 100 -4.258241211463606 0.0764556028943853 -0.012877227064161723 -416.0 -417.0
100 100 -4.325356582862319 0.07731991054593279 -0.013950329319508015 -425.0 -426.0
100 100 -4.392865314832858 0.07826174068670812 -0.011804124808814542 -429.0 -427.0
100 100 -4.448388049513225 0.07891716841874181 -0.016096533830201487 -350.0 -354.0
100 100 -4.503513145351892 0.07980456803139956 -0.01716963608554778 -349.0 -350.0
100 100 -4.569914435995355 0.08094476607165431 -0.01931584059624125 -420.0 -422.0
100 100 -4.625588397487924 0.0820202892003684 -0.010731022553467362 -357.0 -349.0
100 100 -4.6917590475989694 0.08273039519667888 -0.00965792029812107 -420.0 -419.0
100 100 -4.758167029638883 0.08337177813625873 -0.00965792029812107 -421.0 -421.0
100 100 -4.824496142341456 0.08401239933838066 -0.008584818042774778 -421.0 -420.0
100 100 -4.891220254852118 0.08458522777573305 -0.008584818042774778 -423.0 -423.0
100 100 -4.946981422163037 0.08506393901120367 -0.00965792029812107 -353.0 -354.0
100 100 -5.013231665528271 0.08570379847586766 -0.00965792029812107 -420.0 -420.0
0 0 -5.068755679015324 0.08624006164625272 -0.005365511276734125 -354.0 -350.0
