alpha dTheta
0.99 0.0
0.9413 -0.0026714223244811274
0.9386 -0.02048090448768861
0.9182 -0.021371378595848926
0.8968 -0.008904741081603735
0.8879 -0.0008904741081603641
0.887 0.0008904741081603641
0.8879 0.0
0.8879 -0.0008904741081603641
0.887 0.0
0.887 0.0
0.887 0.0
0.887 0.0
0.887 0.0
0.887 0.0008904741081603641
0.8876 0.0
0.8876 -0.0008904741081603641
0.8871 0.0
0.8871 0.0
0.8871 0.0
0.8871 0.0
0.8871 0.0
0.8871 0.0
0.8871 0.0008904741081603641
0.8874 -0.0008904741081603641
0.8871 0.0008904741081603641
0.8874 -0.0008904741081603641
0.8871 0.0
0.8871 0.0
0.8871 0.0008904741081603641
0.8874 -0.0008904741081603641
0.8871 0.0
0.8871 0.0008904741081603641
0.8874 -0.0008904741081603641
0.8871 0.0
0.8871 0.0
0.8871 0.0008904741081603641
0.8874 -0.0008904741081603641
0.8871 0.0
0.8871 0.0008904741081603641
0.8873 -0.0017809482163207281
0.8869 0.0008904741081603641
0.8871 0.0
0.8871 0.0008904741081603641
0.8873 0.026714223244811205
0.8933 0.029385645569292296
0.8996 0.03027611967745266
0.9061 0.028495171461131934
0.912 0.025823749136650795
0.9173 0.029385645569292296
0.9232 0.025823749136650795
0.9282 0.0231523268121697
0.9327 0.016028533946886695
0.9357 0.011576163406084828
0.9379 0.0
0.9379 0.0
0.9379 0.0008904741081603641
0.938 -0.0008904741081603641
0.9379 0.0
0.9379 0.0008904741081603641
0.938 -0.0008904741081603641
0.9379 0.0
0.9379 0.0
0.9379 0.0008904741081603641
0.938 0.0008904741081603722
0.9381 0.0
0.9381 0.0
0.9381 0.0
0.9381 0.0
0.9381 0.0
0.9381 0.0
0.9381 0.0
0.9381 0.0
0.9381 0.0
0.9381 0.0
0.99 0.0 0 0
0.9431 0.0 -98.0 -98.0
0.9431 0.0 -293.0 -293.0
0.9431 0.0 -245.0 -245.0
0.9431 0.0 -293.0 -293.0
0.9431 0.0 -244.0 -244.0
0.9431 0.0 -293.0 -293.0
0.9431 0.0008904741081603641 -245.0 -244.0
0.944 -0.0008904741081604112 -293.0 -294.0
0.9431 0.0 -293.0 -293.0
0.9431 0.0 -244.0 -244.0
0.9431 0.0 -244.0 -244.0
0.9431 0.0 -245.0 -245.0
0.9431 0.0 -244.0 -244.0
0.9431 0.0 -244.0 -244.0
0.9431 0.0008904741081603641 -245.0 -244.0
0.9437 0.0 -293.0 -293.0
0.9437 -0.0008904741081603641 -244.0 -245.0
0.9432 0.0 -293.0 -293.0
0.9432 0.0 -244.0 -244.0
0.9432 0.0 -244.0 -244.0
0.9432 0.0 -245.0 -245.0
0.9432 0.0 -244.0 -244.0
0.9432 0.0 -244.0 -244.0
0.9432 0.0008904741081603641 -245.0 -244.0
0.9435 -0.0008904741081604112 -293.0 -294.0
0.9432 0.0008904741081603641 -293.0 -292.0
0.9435 -0.0008904741081604112 -293.0 -294.0
0.9432 0.0 -293.0 -293.0
0.9432 0.0 -244.0 -244.0
0.9432 0.0 -245.0 -245.0
0.9432 0.0 -244.0 -244.0
0.9432 0.0 -244.0 -244.0
0.9432 0.0008904741081604112 -294.0 -293.0
0.9435 0.0 -293.0 -293.0
0.9435 0.0 -293.0 -293.0
0.9435 -0.0008904741081603641 -244.0 -245.0
0.9432 0.0 -293.0 -293.0
0.9432 0.0 -244.0 -244.0
0.9432 0.0 -244.0 -244.0
0.9432 0.0 -245.0 -245.0
0.9432 0.0 -244.0 -244.0
0.9432 0.0 -244.0 -244.0
0.9432 0.0008904741081603641 -245.0 -244.0
0.9434 0.0 -244.0 -244.0
0.9434 -0.0008904741081603641 -244.0 -245.0
0.9432 0.0 -293.0 -293.0
0.9432 0.0 -244.0 -244.0
0.9432 0.0 -245.0 -245.0
0.9432 0.0 -244.0 -244.0
0.9432 0.0 -244.0 -244.0
0.9432 0.0008904741081603641 -245.0 -244.0
0.9434 0.0 -293.0 -293.0
0.9434 0.0 -244.0 -244.0
0.9434 -0.0008904741081603641 -244.0 -245.0
0.9433 0.0008904741081604112 -294.0 -293.0
0.9434 -0.0008904741081603641 -292.0 -293.0
0.9433 0.0008904741081604112 -294.0 -293.0
0.9434 -0.0017809482163207754 -292.0 -294.0
0.9431 0.0008904741081604112 -294.0 -293.0
0.9433 0.0 -293.0 -293.0
0.9433 0.0 -244.0 -244.0
0.9433 0.0008904741081603641 -245.0 -244.0
0.9434 0.0 -293.0 -293.0
0.9434 -0.0008904741081603641 -244.0 -245.0
0.9433 0.0 -293.0 -293.0
0.9433 0.0 -244.0 -244.0
0.9433 -0.0008904741081603641 -244.0 -245.0
0.9431 0.0017809482163207754 -294.0 -292.0
0.9434 -0.0008904741081604112 -293.0 -294.0
0.9433 0.0008904741081603641 -293.0 -292.0
0.9434 -0.0008904741081604112 -293.0 -294.0
0.9433 0.0 -244.0 -244.0
0.9433 0.0008904741081603641 -245.0 -244.0
0.9434 -0.0008904741081604112 -293.0 -294.0
0.9433 0.0008904741081603641 -293.0 -292.0
0.9434 -0.0008904741081604112 -293.0 -294.0
0.9433 0.0 -293.0 -293.0
0.9433 0.0 -244.0 -244.0
0.9433 0.0008904741081603641 -245.0 -244.0
0.9434 0.0 -293.0 -293.0
0.9434 -0.0008904741081603641 -244.0 -245.0
0.9433 0.0 -293.0 -293.0
0.9433 0.0 -244.0 -244.0
0.9433 0.0008904741081603641 -245.0 -244.0
0.9434 -0.0008904741081604112 -293.0 -294.0
0.9433 0.0 -293.0 -293.0
0.9433 0.0 -244.0 -244.0
0.9433 0.0 -244.0 -244.0
0.9433 0.0008904741081603641 -245.0 -244.0
0.9434 0.0 -293.0 -293.0
0.9434 -0.0008904741081603641 -244.0 -245.0
0.9433 0.0 -293.0 -293.0
0.9433 0.0 -244.0 -244.0
0.9433 0.0 -244.0 -244.0
0.9433 0.0 -245.0 -245.0
0.9433 0.0 -244.0 -244.0
0.9433 0.0008904741081603641 -245.0 -244.0
0.9434 0.0 -293.0 -293.0
0.9434 0.0 -244.0 -244.0
0.9434 -0.0008904741081603641 -244.0 -245.0
0.9433 0.0 -293.0 -293.0
0.9433 0.0008904741081603641 -245.0 -244.0
0.9434 -0.0008904741081604112 -293.0 -294.0
0.9433 0.0008904741081603641 -293.0 -292.0
0.9434 -0.0008904741081604112 -293.0 -294.0
0.9433 0.0 -244.0 -244.0
0.9433 0.0008904741081603641 -245.0 -244.0
0.9434 0.0 -293.0 -293.0
0.9434 -0.0008904741081603641 -244.0 -245.0
0.9433 0.0 -293.0 -293.0
0.9433 0.0 -244.0 -244.0
0.9433 0.0 -244.0 -244.0
0.9433 0.0 -245.0 -245.0
0.9433 0.0 -244.0 -244.0
0.9433 0.0 -244.0 -244.0
0.9433 0.0008904741081603641 -245.0 -244.0
0.9434 -0.0008904741081604112 -293.0 -294.0
0.9433 0.0008904741081603641 -293.0 -292.0
0.9434 -0.0008904741081603641 -244.0 -245.0
0.9433 0.0 -293.0 -293.0
0.9433 0.0 -244.0 -244.0
0.9433 0.0008904741081603641 -245.0 -244.0
0.9434 -0.0008904741081604112 -293.0 -294.0
0.9433 0.0008904741081603641 -293.0 -292.0
0.9434 -0.0008904741081604112 -293.0 -294.0
0.9433 0.0 -293.0 -293.0
0.9433 0.0008904741081603641 -245.0 -244.0
0.9434 -0.0008904741081603641 -244.0 -245.0
0.9433 0.0008904741081603641 -293.0 -292.0
0.9434 -0.0008904741081604112 -293.0 -294.0
0.9433 0.0 -293.0 -293.0
0.9433 0.0 -244.0 -244.0
0.9433 0.0 -245.0 -245.0
0.9433 0.0 -244.0 -244.0
0.9433 0.0 -244.0 -244.0
0.9433 0.0008904741081603641 -245.0 -244.0
0.9433 -0.0008904741081604112 -293.0 -294.0
0.9433 0.0008904741081603641 -293.0 -292.0
0.9433 -0.0008904741081604112 -293.0 -294.0
0.9433 0.0008904741081603641 -293.0 -292.0
0.9433 -0.0008904741081604112 -293.0 -294.0
0.9433 0.0 -293.0 -293.0
0.9433 0.0 -244.0 -244.0
0.9433 0.0008904741081603641 -245.0 -244.0
0.9433 0.0 -293.0 -293.0
0.9433 -0.0008904741081603641 -244.0 -245.0
0.9433 0.0 -293.0 -293.0
0.9433 0.0 -244.0 -244.0
0.9433 0.0 -245.0 -245.0
0.9433 0.0 -244.0 -244.0
0.9433 0.0 -244.0 -244.0
0.9433 0.0 -244.0 -244.0
0.9433 0.0 -245.0 -245.0
0.9433 0.0 -244.0 -244.0
0.9433 0.006233318757122595 -251.0 -244.0
0.9437 0.02493327502849048 -321.0 -293.0
0.9453 0.024042800920330065 -272.0 -245.0
0.9468 0.034728490218254526 -381.0 -342.0
0.949 0.0195904303795282 -266.0 -244.0
0.9502 0.01691900805504708 -199.0 -180.0
0.9513 0.0008904741081603722 -2.0 -1.0
0.9513 0.0 0.0 0.0
0.9513 0.0 0.0 0.0
0.9513 0.0 0.0 0.0
0.9513 0.0 0.0 0.0
0.9513 0.0 0.0 0.0
0.9513 0.0 0.0 0.0
0.9513 0.0 0.0 0.0
0.9513 0.0 0.0 0.0
0.9513 0.0 0.0 0.0
0.9513 0.0 0.0 0.0
0.99 0.0 0 0
0.9451 -0.0044523705408018675 -96.0 -101.0
