alpha | dTheta
0.998 0.0
0.998 -0.0044523705408018675
0.9965 -0.05431892059778254
0.9829 -0.08370456616707489
0.9662 -0.07479982508547134
0.9537 -0.06411413578754697
0.9446 -0.06945698043650905
0.9359 -0.045414179516178994
0.9308 -0.04808560184066013
0.926 -0.032947542001933804
0.923 -0.02315232681216956
0.9211 -0.014247585730565825
0.92 -0.0071237928652829125
0.9195 -0.01068568929792437
0.9188 -0.01068568929792437
0.9181 -0.015138059838726141
0.9172 -0.017809482163207283
0.9162 -0.0071237928652829125
0.9159 -0.009795215189764051
0.9154 -0.008904741081603735
0.9149 -0.00801426697344323
0.9146 -0.0017809482163207281
0.9145 -0.010685689297924463
0.9141 0.0
0.9141 0.0
0.9141 0.0
0.9141 0.0
0.9141 0.0
0.9141 0.0
0.9141 0.0
0.9141 0.0
0.9141 0.0
0.9141 0.0
