alpha | dTheta
0.9923 0.0
0.9923 -0.0017809482163207754
0.9905 -0.05342844648962241
0.9371 -0.06589508400386741
0.8712 -0.06411413578754678
0.8071 -0.022261852704009433
0.7848 0.04274275719169785
0.8276 0.09082835903235799
0.9184 0.10507594476292399
1.0235 0.06411413578754678
1.0818 -0.040071334867216715
1.0484 -0.12288542692613147
0.9538 -0.2172756823911309
0.7987 -0.1700805546586311
0.6853 -0.0008904741081605057
0.6847 0.11487115995268805
0.7523 0.21282331185032893
0.8705 0.2422089574196211
0.998 0.13980443498117842
1.0679 0.0
1.0679 -0.09617120368132008
1.0242 -0.1959043037952818
0.939 -0.1967947779034423
0.857 -0.13713301265669747
0.8022 -0.04363323129985817
0.7854 0.05075702416514127
0.8042 0.08904741081603716
0.836 0.10329499654660336
0.8716 0.09973310011396172
0.9048 0.05342844648962241
0.9221 0.029385645569292344
0.9313 -0.005342844648962279
