0.9451 0.0 0 0
0.9451 0.0008904741081603641 -96.0 -95.0
0.9451 0.0 -297.0 -297.0
0.9451 0.0 -244.0 -244.0
0.9451 -0.0008904741081603641 -244.0 -245.0
0.9451 0.0 -293.0 -293.0
0.9451 0.0 -244.0 -244.0
0.9451 0.0008904741081603641 -245.0 -244.0
0.9451 -0.0008904741081604112 -293.0 -294.0
0.9451 0.0 -293.0 -293.0
0.9451 0.0 -244.0 -244.0
0.9451 0.0008904741081603641 -245.0 -244.0
0.9451 0.0 -293.0 -293.0
0.9451 -0.0008904741081603641 -244.0 -245.0
0.9451 0.0 -293.0 -293.0
0.9451 0.0 -244.0 -244.0
0.9451 0.0008904741081603641 -245.0 -244.0
0.9451 -0.0017809482163207754 -292.0 -294.0
0.9451 0.0017809482163207754 -294.0 -292.0
0.9451 -0.0008904741081604112 -293.0 -294.0
0.9451 0.0 -293.0 -293.0
0.9451 0.0 -244.0 -244.0
0.9451 -0.0008904741081603641 -244.0 -245.0
0.9451 0.0017809482163207754 -294.0 -292.0
0.9451 -0.0008904741081604112 -293.0 -294.0
0.9451 0.0 -293.0 -293.0
0.9451 0.0 -244.0 -244.0
0.9451 0.0 -244.0 -244.0
0.9451 0.0 -245.0 -245.0
0.9451 0.0 -244.0 -244.0
0.9451 0.0 -244.0 -244.0
0.9451 0.0008904741081603641 -245.0 -244.0
0.9451 -0.0008904741081604112 -293.0 -294.0
0.9451 0.0008904741081603641 -293.0 -292.0
0.9451 -0.0008904741081604112 -293.0 -294.0
0.9451 0.0 -293.0 -293.0
0.9451 0.0 -244.0 -244.0
0.9451 0.0 -244.0 -244.0
0.9451 0.0 -245.0 -245.0
0.9451 0.0 -244.0 -244.0
0.9451 0.0 -244.0 -244.0
0.9451 0.0008904741081603641 -245.0 -244.0
0.9451 -0.0008904741081604112 -293.0 -294.0
0.9451 0.0 -293.0 -293.0
0.9451 0.0 -244.0 -244.0
0.9451 0.0 -244.0 -244.0
0.9451 0.0 -245.0 -245.0
0.9451 0.0 -244.0 -244.0
0.9451 0.0 -244.0 -244.0
0.9451 0.0008904741081603641 -245.0 -244.0
0.9451 0.0 -293.0 -293.0
0.9451 -0.0008904741081603641 -244.0 -245.0
0.9451 0.0 -293.0 -293.0
0.9451 0.0 -244.0 -244.0
0.9451 0.0008904741081603641 -245.0 -244.0
0.9451 0.0 -293.0 -293.0
0.9451 -0.0008904741081603641 -244.0 -245.0
0.9451 0.0 -293.0 -293.0
0.9451 0.0008904741081603641 -245.0 -244.0
0.9451 -0.0008904741081604112 -293.0 -294.0
0.9451 0.0008904741081603641 -293.0 -292.0
0.9451 -0.0008904741081604112 -293.0 -294.0
0.9451 0.0008904741081603641 -293.0 -292.0
0.9451 -0.0008904741081604112 -293.0 -294.0
0.9451 0.0 -293.0 -293.0
0.9451 0.0 -244.0 -244.0
0.9451 0.0 -245.0 -245.0
0.9451 0.0 -244.0 -244.0
0.9451 0.0 -244.0 -244.0
0.9451 0.0008904741081603641 -245.0 -244.0
0.9451 0.0 -293.0 -293.0
0.9451 -0.0008904741081603641 -244.0 -245.0
0.9451 0.0008904741081603641 -293.0 -292.0
0.9451 -0.0008904741081604112 -293.0 -294.0
0.9451 0.0 -293.0 -293.0
0.9451 0.0008904741081603641 -245.0 -244.0
0.9451 0.0 -293.0 -293.0
0.9451 0.0 -244.0 -244.0
0.9451 -0.0008904741081603641 -244.0 -245.0
0.9451 0.0 -293.0 -293.0
0.9451 0.0008904741081603641 -245.0 -244.0
0.9451 -0.0008904741081603641 -292.0 -293.0
0.9451 0.0008904741081604112 -294.0 -293.0
0.9451 -0.0008904741081604112 -293.0 -294.0
0.9451 0.0 -293.0 -293.0
0.9451 0.0 -244.0 -244.0
0.9451 0.0 -245.0 -245.0
0.9451 0.0 -244.0 -244.0
0.9451 0.0 -244.0 -244.0
0.9451 0.0 -244.0 -244.0
0.9451 0.0008904741081603641 -245.0 -244.0
0.9451 -0.0008904741081603641 -292.0 -293.0
0.9451 0.0 -294.0 -294.0
0.9451 0.0 -244.0 -244.0
0.9451 0.0 -244.0 -244.0
0.9451 0.0 -245.0 -245.0
0.9451 0.0 -244.0 -244.0
0.9451 0.0 -244.0 -244.0
0.9451 0.0 -244.0 -244.0
0.9451 0.0008904741081603641 -245.0 -244.0
0.9451 -0.0008904741081604112 -293.0 -294.0
0.9451 0.0008904741081603641 -293.0 -292.0
0.9451 -0.0008904741081604112 -293.0 -294.0
0.9451 0.0 -293.0 -293.0
0.9451 0.0008904741081603641 -245.0 -244.0
0.9451 0.0 -293.0 -293.0
0.9451 0.0 -244.0 -244.0
0.9451 -0.0008904741081603641 -244.0 -245.0
0.9451 0.0 -293.0 -293.0
0.9451 0.0 -244.0 -244.0
0.9451 0.0008904741081603641 -245.0 -244.0
0.9451 -0.0008904741081604112 -293.0 -294.0
0.9451 0.0008904741081603641 -181.0 -180.0
0.9451 0.0 0.0 0.0
0.9451 0.0 0.0 0.0
0.9451 0.0 0.0 0.0
0.9451 0.0 0 0
0.9451 0.0017809482163207398 -95.0 -93.0
0.9451 -0.0008904741081603641 -292.0 -293.0
0.9451 0.0008904741081603641 -245.0 -244.0
0.9451 0.0 -244.0 -244.0
0.9451 -0.0008904741081603641 -244.0 -245.0
0.9451 0.0 -244.0 -244.0
0.9451 0.0 -244.0 -244.0
0.9451 -0.0008904741081604112 -293.0 -294.0
0.9451 0.0008904741081603641 -293.0 -292.0
0.9451 0.0 -294.0 -294.0
0.9451 0.0 -244.0 -244.0
0.9451 0.0 -244.0 -244.0
0.9451 0.0008904741081603641 -245.0 -244.0
0.9451 0.0 -244.0 -244.0
0.9451 -0.0008904741081603641 -244.0 -245.0
0.9451 0.0 -244.0 -244.0
0.9451 0.0 -245.0 -245.0
0.9451 0.0 -244.0 -244.0
0.9451 0.0 -244.0 -244.0
0.9451 0.0 -244.0 -244.0
0.9451 0.0008904741081603641 -245.0 -244.0
0.9451 -0.0008904741081603641 -244.0 -245.0
0.9451 0.0008904741081603641 -245.0 -244.0
0.9451 -0.0008904741081603641 -244.0 -245.0
0.9451 0.0 -244.0 -244.0
0.9451 0.0 -244.0 -244.0
0.9451 0.0 -244.0 -244.0
0.9451 0.0008904741081603641 -245.0 -244.0
0.9451 -0.0008904741081603641 -244.0 -245.0
0.9451 0.0 -244.0 -244.0
0.9451 0.0 -245.0 -245.0
0.9451 0.0 -244.0 -244.0
0.9451 0.0 -244.0 -244.0
0.9451 0.0008904741081603641 -245.0 -244.0
0.9451 0.0 -244.0 -244.0
0.9451 -0.0008904741081603641 -244.0 -245.0
0.9451 0.0 -244.0 -244.0
0.9451 0.0008904741081603641 -245.0 -244.0
0.9451 -0.0008904741081603641 -244.0 -245.0
0.9451 0.0 -178.0 -178.0
0.9451 0.0008904741081603722 -1.0 0.0
0.9451 0.0 0.0 0.0
0.9451 0.0 0.0 0.0
0.9451 0.0 0.0 0.0
0.9451 0.0 0.0 0.0
0.9451 0.0 0.0 0.0
0.9451 0.0 0.0 0.0
0.9451 0.0 0.0 0.0
0.9451 0.0 0.0 0.0
0.9451 0.0 0.0 0.0
0.9451 0.0 0.0 0.0
0.9451 0.0 0.0 0.0
0.9451 0.0 0.0 0.0
0.9451 0.0 0.0 0.0
0.9451 0.0 0.0 0.0
0.9451 0.0 0.0 0.0
0.9451 0.0 0.0 0.0
0.9451 0.0 0.0 0.0
0.9451 0.0 0.0 0.0
0.9451 0.0 0.0 0.0
0.9451 0.0 0.0 0.0
0.9451 0.0 0.0 0.0
0.9451 0.0 0.0 0.0
0.9451 0.0 0.0 0.0
0.9451 0.0 0.0 0.0
0.9451 0.0 0.0 0.0
0.9451 0.0 0.0 0.0
0.9451 0.0 -55.0 -55.0
0.9451 0.01513805983872633 -256.0 -239.0
0.9451 0.02582374913665084 -322.0 -293.0
0.9451 0.02582374913665084 -322.0 -293.0
0.9451 0.0 0 0
0.9451 0.03561896432641494 -333.0 -293.0
0.9451 0.03383801611009416 -331.0 -293.0
0.9451 0.029385645569292296 -278.0 -245.0
0.9451 0.02048090448768856 -205.0 -182.0
0.9451 0.0 0.0 0.0
0.9451 0.0 0.0 0.0
0.9451 0.0 0.0 0.0
0.9451 0.0 0.0 0.0
0.9451 0.0 0.0 0.0
0.9451 0.0 0.0 0.0
0.9451 0.0 0.0 0.0
0.9451 0.0 0.0 0.0
0.9451 0.0 0.0 0.0
0.9451 0.0 0.0 0.0
0.9451 0.0 0.0 0.0
0.9451 0.0 0.0 0.0
0.9451 0.0 0.0 0.0
0.9451 0.0 0.0 0.0
0.9451 0.0 0.0 0.0
0.9451 0.0 0.0 0.0
0.9451 0.0 0.0 0.0
0.9451 0.0 0.0 0.0
0.9451 0.0 0.0 0.0
0.9451 0.0 0.0 0.0
0.9451 0.0 0.0 0.0
0.9451 0.0 0.0 0.0
0.9451 0.0 0.0 0.0
0.9451 0.0 0.0 0.0
0.9451 0.0 0.0 0.0
0.9451 0.0 0.0 0.0
0.9451 0.0 0.0 0.0
0.9451 0.0 0.0 0.0
0.9451 0.0 0.0 0.0
0.9451 0.0 0.0 0.0
0.9451 0.0 0.0 0.0
0.9451 0.0 0.0 0.0
0.9451 0.0 0.0 0.0
0.9451 0.0 0.0 0.0
0.9451 0.0 0.0 0.0
0.9451 0.0 0.0 0.0
0.9451 0.0 0.0 0.0
0.9451 0.0 0.0 0.0
0.9451 0.0 0.0 0.0
0.9451 0.0 0.0 0.0
0.9451 0.0 0.0 0.0
0.9451 0.0 0.0 0.0
0.9451 0.0 0.0 0.0
0.9451 0.0 0.0 0.0
0.9451 0.0 0.0 0.0
0.9451 0.0 0.0 0.0
0.9451 0.0 0.0 0.0
0.9451 0.0 0.0 0.0
0.9451 0.0 0.0 0.0
0.9451 0.0 0.0 0.0
0.9451 0.0 0.0 0.0
0.9451 0.0 0.0 0.0
0.9451 0.0 0 0
0.9451 -0.0017809482163207518 -92.0 -94.0
0.9451 0.0008904741081603641 -293.0 -292.0
0.9451 -0.0008904741081604112 -293.0 -294.0
0.9451 0.0 -293.0 -293.0
0.9451 0.0008904741081603641 -245.0 -244.0
0.9451 0.0 -293.0 -293.0
0.9451 0.0 -244.0 -244.0
0.9451 -0.0008904741081603641 -244.0 -245.0
0.9451 0.0 -293.0 -293.0
0.9451 0.0 -244.0 -244.0
0.9451 0.0008904741081603641 -245.0 -244.0
0.9451 -0.0008904741081603641 -244.0 -245.0
0.9451 0.0 -293.0 -293.0
0.9451 0.0008904741081603641 -245.0 -244.0
0.9451 0.0 -244.0 -244.0
0.9451 0.0 -244.0 -244.0
0.9451 -0.0008904741081603641 -244.0 -245.0
0.9451 0.0 -293.0 -293.0
0.9451 0.0 -293.0 -293.0
0.9451 0.0 -245.0 -245.0
0.9451 0.0 -244.0 -244.0
0.9451 0.0 -244.0 -244.0
0.9451 0.0008904741081603641 -245.0 -244.0
0.9451 0.0 -244.0 -244.0
0.9451 -0.0008904741081603641 -244.0 -245.0
0.9451 0.0 -293.0 -293.0
0.9451 0.0 -244.0 -244.0
0.9451 0.0008904741081603641 -245.0 -244.0
0.9451 -0.0008904741081604112 -293.0 -294.0
0.9451 0.0008904741081603641 -293.0 -292.0
0.9451 -0.0008904741081604112 -293.0 -294.0
0.9451 0.0 -293.0 -293.0
0.9451 0.0008904741081603641 -245.0 -244.0
0.9451 0.0 -293.0 -293.0
0.9451 0.0 -244.0 -244.0
0.9451 -0.0008904741081603641 -244.0 -245.0
0.9451 0.0 -293.0 -293.0
0.9451 0.0 -244.0 -244.0
0.9451 0.0008904741081603641 -245.0 -244.0
0.9451 -0.0008904741081604112 -293.0 -294.0
