0.9412 0.0 0 0
0.9412 0.005342844648962231 -99.0 -93.0
0.9412 0.01691900805504706 -314.0 -295.0
0.9412 0.0 -244.0 -244.0
0.9412 0.0 -245.0 -245.0
0.9412 0.0 -244.0 -244.0
0.9412 0.0 -244.0 -244.0
0.9412 0.0008904741081603641 -245.0 -244.0
0.9412 0.0 -293.0 -293.0
0.9412 -0.0008904741081603641 -244.0 -245.0
0.9412 0.0008904741081603641 -293.0 -292.0
0.9412 -0.0008904741081604112 -293.0 -294.0
0.9412 0.0 -244.0 -244.0
0.9412 0.0 -293.0 -293.0
0.9412 0.0 -245.0 -245.0
0.9412 0.0 -244.0 -244.0
0.9412 0.0 -244.0 -244.0
0.9412 0.0008904741081603641 -245.0 -244.0
0.9412 0.0 -293.0 -293.0
0.9412 -0.0008904741081603641 -244.0 -245.0
0.9412 0.0 -293.0 -293.0
0.9412 0.0 -244.0 -244.0
0.9412 -0.0008904741081603641 -244.0 -245.0
0.9412 0.0017809482163207754 -294.0 -292.0
0.9412 -0.0008904741081604112 -293.0 -294.0
0.9412 0.0 -244.0 -244.0
0.9412 0.0 -244.0 -244.0
0.9412 0.0008904741081603641 -245.0 -244.0
0.9412 -0.0008904741081604112 -293.0 -294.0
0.9412 0.0008904741081603641 -293.0 -292.0
0.9412 -0.0008904741081604112 -293.0 -294.0
0.9412 0.0 -244.0 -244.0
0.9412 0.0008904741081603641 -245.0 -244.0
0.9412 -0.0017809482163207754 -292.0 -294.0
0.9412 0.0017809482163207754 -294.0 -292.0
0.9412 -0.0008904741081604112 -293.0 -294.0
0.9412 0.0 -244.0 -244.0
0.9412 0.0008904741081603641 -245.0 -244.0
0.9412 0.0 -293.0 -293.0
0.9412 -0.0008904741081603641 -244.0 -245.0
0.9412 0.0008904741081603641 -293.0 -292.0
0.9412 -0.0008904741081603641 -244.0 -245.0
0.9412 0.0 -293.0 -293.0
0.9412 0.0 -244.0 -244.0
0.9412 0.0008904741081603641 -245.0 -244.0
0.9412 -0.0008904741081604112 -293.0 -294.0
0.9412 0.0 -244.0 -244.0
0.9412 0.0008904741081603641 -245.0 -244.0
0.9412 0.0 -293.0 -293.0
0.9412 -0.0008904741081603641 -244.0 -245.0
0.9412 0.0 -293.0 -293.0
0.9412 0.0 -244.0 -244.0
0.9412 0.0 -244.0 -244.0
0.9412 0.0 -245.0 -245.0
0.9412 0.0 -244.0 -244.0
0.9412 0.0 -244.0 -244.0
0.9412 0.0008904741081603641 -245.0 -244.0
0.9412 0.0 -293.0 -293.0
0.9412 -0.0008904741081603641 -244.0 -245.0
0.9412 0.0 -293.0 -293.0
0.9412 0.0 -244.0 -244.0
0.9412 0.0 -245.0 -245.0
0.9412 0.0 -244.0 -244.0
0.9412 0.0 -244.0 -244.0
0.9412 0.0 -244.0 -244.0
0.9412 0.0008904741081603641 -245.0 -244.0
0.9412 -0.0008904741081604112 -293.0 -294.0
0.9412 0.0 -244.0 -244.0
0.9412 0.0 -244.0 -244.0
0.9412 0.0008904741081603641 -245.0 -244.0
0.9412 -0.0008904741081604112 -293.0 -294.0
0.9412 0.0 -244.0 -244.0
0.9412 0.0 -244.0 -244.0
0.9412 0.0008904741081603641 -245.0 -244.0
0.9412 -0.0008904741081604112 -293.0 -294.0
0.9412 0.0 -244.0 -244.0
0.9412 0.0 -244.0 -244.0
0.9412 0.0008904741081603641 -245.0 -244.0
0.9412 -0.0008904741081604112 -293.0 -294.0
0.9412 0.0 -244.0 -244.0
0.9412 0.0 -244.0 -244.0
0.9412 0.0 -244.0 -244.0
0.9412 0.0008904741081603641 -245.0 -244.0
0.9412 -0.0008904741081604112 -293.0 -294.0
0.9412 0.0 -244.0 -244.0
0.9412 0.0008904741081603641 -245.0 -244.0
0.9412 -0.0008904741081603641 -292.0 -293.0
0.9412 0.0008904741081604112 -294.0 -293.0
0.9412 0.0 -244.0 -244.0
0.9412 -0.0008904741081603641 -244.0 -245.0
0.9412 0.0 -293.0 -293.0
0.9412 0.0008904741081603641 -245.0 -244.0
0.9412 -0.0008904741081604112 -293.0 -294.0
0.9412 0.0 -244.0 -244.0
0.9412 0.0 -244.0 -244.0
0.9412 0.0008904741081603641 -245.0 -244.0
0.9412 -0.0008904741081604112 -293.0 -294.0
0.9412 0.0 -244.0 -244.0
0.9412 0.0 -244.0 -244.0
0.9412 0.0 -244.0 -244.0
0.9412 0.0008904741081603641 -245.0 -244.0
0.9412 -0.0008904741081604112 -293.0 -294.0
0.9412 0.0 -244.0 -244.0
0.9412 0.0 -244.0 -244.0
0.9412 0.0008904741081603641 -245.0 -244.0
0.9412 -0.0008904741081604112 -293.0 -294.0
0.9412 0.0 -244.0 -244.0
0.9412 0.0 -244.0 -244.0
0.9412 0.0 -244.0 -244.0
0.9412 0.0 -245.0 -245.0
0.9412 0.0 -244.0 -244.0
0.9412 0.0 -244.0 -244.0
0.9412 0.0008904741081603641 -245.0 -244.0
0.9412 0.0 -293.0 -293.0
0.9412 -0.0008904741081603641 -244.0 -245.0
0.9412 0.0 -293.0 -293.0
0.9412 0.0 -244.0 -244.0
0.9412 0.0008904741081603641 -245.0 -244.0
0.9412 -0.0008904741081604112 -293.0 -294.0
0.9412 0.0 -244.0 -244.0
0.9412 0.0 -244.0 -244.0
0.9412 0.0008904741081603641 -245.0 -244.0
0.9412 -0.0008904741081604112 -293.0 -294.0
0.9412 0.0 -244.0 -244.0
0.9412 0.0 -244.0 -244.0
0.9412 0.0 -244.0 -244.0
0.9412 0.0008904741081603641 -245.0 -244.0
0.9412 -0.0008904741081604112 -293.0 -294.0
0.9412 0.0 -244.0 -244.0
0.9412 0.0 -244.0 -244.0
0.9412 0.0008904741081603641 -245.0 -244.0
0.9412 0.0 -244.0 -244.0
0.9412 0.0 -245.0 -245.0
0.9412 0.0 -244.0 -244.0
0.9412 -0.0008904741081603641 -244.0 -245.0
0.9412 0.0 -293.0 -293.0
0.9412 0.0 -244.0 -244.0
0.9412 -0.0008904741081603641 -244.0 -245.0
